-0.499869

0.000000 0.000000
0.020000 0.039050
0.040000 0.076685
0.060000 0.112818
0.080000 0.147491
0.100000 0.180749
0.120000 0.212632
0.140000 0.243184
0.160000 0.272442
0.180000 0.300447
0.200000 0.327237
0.220000 0.352849
0.240000 0.377319
0.260000 0.400682
0.280000 0.422972
0.300000 0.444223
0.320000 0.464466
0.340000 0.483735
0.360000 0.502058
0.380000 0.519466
0.400000 0.535989
0.420000 0.551653
0.440000 0.566488
0.460000 0.580519
0.480000 0.593772
0.500000 0.606274
0.520000 0.618047
0.540000 0.629117
0.560000 0.639507
0.580000 0.649238
0.600000 0.658334
0.620000 0.666815
0.640000 0.674702
0.660000 0.682015
0.680000 0.688775
0.700000 0.695000
0.720000 0.700708
0.740000 0.705918
0.760000 0.710647
0.780000 0.714912
0.800000 0.718729
0.820000 0.722116
0.840000 0.725086
0.860000 0.727656
0.880000 0.729840
0.900000 0.731652
0.920000 0.733107
0.940000 0.734217
0.960000 0.734996
0.980000 0.735456
1.000000 0.735610
1.020000 0.735469
1.040000 0.735046
1.060000 0.734352
1.080000 0.733396
1.100000 0.732191
1.120000 0.730746
1.140000 0.729071
1.160000 0.727176
1.180000 0.725071
1.200000 0.722764
1.220000 0.720264
1.240000 0.717579
1.260000 0.714719
1.280000 0.711690
1.300000 0.708502
1.320000 0.705161
1.340000 0.701674
1.360000 0.698049
1.380000 0.694292
1.400000 0.690411
1.420000 0.686411
1.440000 0.682299
1.460000 0.678081
1.480000 0.673762
1.500000 0.669349
1.520000 0.664846
1.540000 0.660259
1.560000 0.655593
1.580000 0.650853
1.600000 0.646044
1.620000 0.641170
1.640000 0.636236
1.660000 0.631246
1.680000 0.626204
1.700000 0.621115
1.720000 0.615981
1.740000 0.610807
1.760000 0.605597
1.780000 0.600354
1.800000 0.595081
1.820000 0.589781
1.840000 0.584458
1.860000 0.579114
1.880000 0.573753
1.900000 0.568378
1.920000 0.562990
1.940000 0.557593
1.960000 0.552189
1.980000 0.546780
2.000000 0.541369
2.020000 0.535958
2.040000 0.530549
2.060000 0.525144
2.080000 0.519745
2.100000 0.514354
2.120000 0.508973
2.140000 0.503603
2.160000 0.498247
2.180000 0.492905
2.200000 0.487579
2.220000 0.482271
2.240000 0.476982
2.260000 0.471714
2.280000 0.466467
2.300000 0.461243
2.320000 0.456043
2.340000 0.450868
2.360000 0.445719
2.380000 0.440597
2.400000 0.435504
2.420000 0.430439
2.440000 0.425405
2.460000 0.420401
2.480000 0.415428
2.500000 0.410487
2.520000 0.405580
2.540000 0.400705
2.560000 0.395865
2.580000 0.391059
2.600000 0.386289
2.620000 0.381554
2.640000 0.376855
2.660000 0.372193
2.680000 0.367567
2.700000 0.362979
2.720000 0.358428
2.740000 0.353916
2.760000 0.349441
2.780000 0.345005
2.800000 0.340608
2.820000 0.336249
2.840000 0.331930
2.860000 0.327649
2.880000 0.323409
2.900000 0.319207
2.920000 0.315046
2.940000 0.310923
2.960000 0.306841
2.980000 0.302799
3.000000 0.298796
3.020000 0.294833
3.040000 0.290910
3.060000 0.287026
3.080000 0.283183
3.100000 0.279379
3.120000 0.275614
3.140000 0.271890
3.160000 0.268204
3.180000 0.264558
3.200000 0.260952
3.220000 0.257384
3.240000 0.253855
3.260000 0.250366
3.280000 0.246914
3.300000 0.243502
3.320000 0.240128
3.340000 0.236791
3.360000 0.233493
3.380000 0.230233
3.400000 0.227010
3.420000 0.223825
3.440000 0.220676
3.460000 0.217565
3.480000 0.214491
3.500000 0.211452
3.520000 0.208450
3.540000 0.205484
3.560000 0.202554
3.580000 0.199659
3.600000 0.196800
3.620000 0.193975
3.640000 0.191186
3.660000 0.188430
3.680000 0.185709
3.700000 0.183022
3.720000 0.180368
3.740000 0.177747
3.760000 0.175160
3.780000 0.172606
3.800000 0.170083
3.820000 0.167594
3.840000 0.165136
3.860000 0.162709
3.880000 0.160314
3.900000 0.157950
3.920000 0.155617
3.940000 0.153315
3.960000 0.151042
3.980000 0.148800
4.000000 0.146587
4.020000 0.144403
4.040000 0.142248
4.060000 0.140122
4.080000 0.138025
4.100000 0.135955
4.120000 0.133914
4.140000 0.131900
4.160000 0.129913
4.180000 0.127953
4.200000 0.126020
4.220000 0.124113
4.240000 0.122232
4.260000 0.120378
4.280000 0.118548
4.300000 0.116744
4.320000 0.114965
4.340000 0.113211
4.360000 0.111481
4.380000 0.109775
4.400000 0.108093
4.420000 0.106435
4.440000 0.104799
4.460000 0.103187
4.480000 0.101598
4.500000 0.100031
4.520000 0.098487
4.540000 0.096964
4.560000 0.095463
4.580000 0.093983
4.600000 0.092525
4.620000 0.091087
4.640000 0.089670
4.660000 0.088274
4.680000 0.086898
4.700000 0.085541
4.720000 0.084205
4.740000 0.082887
4.760000 0.081589
4.780000 0.080310
4.800000 0.079049
4.820000 0.077807
4.840000 0.076583
4.860000 0.075377
4.880000 0.074189
4.900000 0.073018
4.920000 0.071864
4.940000 0.070728
4.960000 0.069608
4.980000 0.068505
5.000000 0.067419
5.020000 0.066348
5.040000 0.065294
5.060000 0.064255
5.080000 0.063232
5.100000 0.062224
5.120000 0.061231
5.140000 0.060253
5.160000 0.059290
5.180000 0.058342
5.200000 0.057408
5.220000 0.056487
5.240000 0.055581
5.260000 0.054689
5.280000 0.053810
5.300000 0.052944
5.320000 0.052092
5.340000 0.051252
5.360000 0.050426
5.380000 0.049612
5.400000 0.048811
5.420000 0.048021
5.440000 0.047244
5.460000 0.046479
5.480000 0.045726
5.500000 0.044984
5.520000 0.044254
5.540000 0.043535
5.560000 0.042827
5.580000 0.042130
5.600000 0.041444
5.620000 0.040769
5.640000 0.040104
5.660000 0.039449
5.680000 0.038805
5.700000 0.038170
5.720000 0.037546
5.740000 0.036931
5.760000 0.036326
5.780000 0.035731
5.800000 0.035145
5.820000 0.034567
5.840000 0.034000
5.860000 0.033441
5.880000 0.032890
5.900000 0.032349
5.920000 0.031816
5.940000 0.031291
5.960000 0.030775
5.980000 0.030267
6.000000 0.029767
6.020000 0.029275
6.040000 0.028791
6.060000 0.028314
6.080000 0.027845
6.100000 0.027384
6.120000 0.026929
6.140000 0.026483
6.160000 0.026043
6.180000 0.025610
6.200000 0.025184
6.220000 0.024765
6.240000 0.024353
6.260000 0.023947
6.280000 0.023548
6.300000 0.023156
6.320000 0.022769
6.340000 0.022389
6.360000 0.022015
6.380000 0.021647
6.400000 0.021285
6.420000 0.020929
6.440000 0.020578
6.460000 0.020234
6.480000 0.019894
6.500000 0.019561
6.520000 0.019232
6.540000 0.018909
6.560000 0.018592
6.580000 0.018279
6.600000 0.017972
6.620000 0.017669
6.640000 0.017372
6.660000 0.017079
6.680000 0.016791
6.700000 0.016508
6.720000 0.016230
6.740000 0.015956
6.760000 0.015686
6.780000 0.015421
6.800000 0.015160
6.820000 0.014904
6.840000 0.014652
6.860000 0.014404
6.880000 0.014160
6.900000 0.013920
6.920000 0.013684
6.940000 0.013451
6.960000 0.013223
6.980000 0.012999
7.000000 0.012778
7.020000 0.012561
7.040000 0.012347
7.060000 0.012137
7.080000 0.011930
7.100000 0.011727
7.120000 0.011527
7.140000 0.011331
7.160000 0.011138
7.180000 0.010948
7.200000 0.010761
7.220000 0.010577
7.240000 0.010396
7.260000 0.010219
7.280000 0.010044
7.300000 0.009872
7.320000 0.009703
7.340000 0.009537
7.360000 0.009374
7.380000 0.009213
7.400000 0.009055
7.420000 0.008900
7.440000 0.008747
7.460000 0.008597
7.480000 0.008449
7.500000 0.008304
7.520000 0.008162
7.540000 0.008021
7.560000 0.007883
7.580000 0.007748
7.600000 0.007614
7.620000 0.007483
7.640000 0.007354
7.660000 0.007228
7.680000 0.007103
7.700000 0.006980
7.720000 0.006860
7.740000 0.006742
7.760000 0.006625
7.780000 0.006511
7.800000 0.006398
7.820000 0.006288
7.840000 0.006179
7.860000 0.006072
7.880000 0.005967
7.900000 0.005864
7.920000 0.005762
7.940000 0.005662
7.960000 0.005564
7.980000 0.005468
8.000000 0.005373
8.020000 0.005280
8.040000 0.005188
8.060000 0.005098
8.080000 0.005010
8.100000 0.004923
8.120000 0.004837
8.140000 0.004753
8.160000 0.004670
8.180000 0.004589
8.200000 0.004509
8.220000 0.004431
8.240000 0.004353
8.260000 0.004278
8.280000 0.004203
8.300000 0.004130
8.320000 0.004058
8.340000 0.003987
8.360000 0.003918
8.380000 0.003849
8.400000 0.003782
8.420000 0.003716
8.440000 0.003651
8.460000 0.003587
8.480000 0.003524
8.500000 0.003463
8.520000 0.003402
8.540000 0.003343
8.560000 0.003284
8.580000 0.003227
8.600000 0.003170
8.620000 0.003115
8.640000 0.003060
8.660000 0.003006
8.680000 0.002954
8.700000 0.002902
8.720000 0.002851
8.740000 0.002801
8.760000 0.002752
8.780000 0.002703
8.800000 0.002656
8.820000 0.002609
8.840000 0.002563
8.860000 0.002518
8.880000 0.002474
8.900000 0.002431
8.920000 0.002388
8.940000 0.002346
8.960000 0.002304
8.980000 0.002264
9.000000 0.002224
9.020000 0.002185
9.040000 0.002146
9.060000 0.002108
9.080000 0.002071
9.100000 0.002035
9.120000 0.001999
9.140000 0.001964
9.160000 0.001929
9.180000 0.001895
9.200000 0.001861
9.220000 0.001829
9.240000 0.001796
9.260000 0.001764
9.280000 0.001733
9.300000 0.001703
9.320000 0.001672
9.340000 0.001643
9.360000 0.001614
9.380000 0.001585
9.400000 0.001557
9.420000 0.001530
9.440000 0.001502
9.460000 0.001476
9.480000 0.001450
9.500000 0.001424
9.520000 0.001399
9.540000 0.001374
9.560000 0.001350
9.580000 0.001326
9.600000 0.001302
9.620000 0.001279
9.640000 0.001256
9.660000 0.001234
9.680000 0.001212
9.700000 0.001190
9.720000 0.001169
9.740000 0.001148
9.760000 0.001128
9.780000 0.001108
9.800000 0.001088
9.820000 0.001069
9.840000 0.001050
9.860000 0.001031
9.880000 0.001013
9.900000 0.000995
9.920000 0.000977
9.940000 0.000960
9.960000 0.000943
9.980000 0.000926
10.000000 0.000909
10.020000 0.000893
10.040000 0.000877
10.060000 0.000861
10.080000 0.000846
10.100000 0.000831
10.120000 0.000816
10.140000 0.000802
10.160000 0.000787
10.180000 0.000773
10.200000 0.000759
10.220000 0.000746
10.240000 0.000732
10.260000 0.000719
10.280000 0.000706
10.300000 0.000694
10.320000 0.000681
10.340000 0.000669
10.360000 0.000657
10.380000 0.000645
10.400000 0.000634
10.420000 0.000623
10.440000 0.000611
10.460000 0.000600
10.480000 0.000590
10.500000 0.000579
10.520000 0.000569
10.540000 0.000559
10.560000 0.000548
10.580000 0.000539
10.600000 0.000529
10.620000 0.000519
10.640000 0.000510
10.660000 0.000501
10.680000 0.000492
10.700000 0.000483
10.720000 0.000474
10.740000 0.000466
10.760000 0.000458
10.780000 0.000449
10.800000 0.000441
10.820000 0.000433
10.840000 0.000426
10.860000 0.000418
10.880000 0.000410
10.900000 0.000403
10.920000 0.000396
10.940000 0.000389
10.960000 0.000382
10.980000 0.000375
11.000000 0.000368
11.020000 0.000361
11.040000 0.000355
11.060000 0.000348
11.080000 0.000342
11.100000 0.000336
11.120000 0.000330
11.140000 0.000324
11.160000 0.000318
11.180000 0.000312
11.200000 0.000307
11.220000 0.000301
11.240000 0.000296
11.260000 0.000290
11.280000 0.000285
11.300000 0.000280
11.320000 0.000275
11.340000 0.000270
11.360000 0.000265
11.380000 0.000260
11.400000 0.000256
11.420000 0.000251
11.440000 0.000247
11.460000 0.000242
11.480000 0.000238
11.500000 0.000233
11.520000 0.000229
11.540000 0.000225
11.560000 0.000221
11.580000 0.000217
11.600000 0.000213
11.620000 0.000209
11.640000 0.000205
11.660000 0.000202
11.680000 0.000198
11.700000 0.000194
11.720000 0.000191
11.740000 0.000187
11.760000 0.000184
11.780000 0.000181
11.800000 0.000177
11.820000 0.000174
11.840000 0.000171
11.860000 0.000168
11.880000 0.000165
11.900000 0.000162
11.920000 0.000159
11.940000 0.000156
11.960000 0.000153
11.980000 0.000150
12.000000 0.000148
12.020000 0.000145
12.040000 0.000142
12.060000 0.000140
12.080000 0.000137
12.100000 0.000135
12.120000 0.000132
12.140000 0.000130
12.160000 0.000128
12.180000 0.000125
12.200000 0.000123
12.220000 0.000121
12.240000 0.000119
12.260000 0.000116
12.280000 0.000114
12.300000 0.000112
12.320000 0.000110
12.340000 0.000108
12.360000 0.000106
12.380000 0.000104
12.400000 0.000102
12.420000 0.000100
12.440000 0.000099
12.460000 0.000097
12.480000 0.000095
12.500000 0.000093
12.520000 0.000092
12.540000 0.000090
12.560000 0.000088
12.580000 0.000087
12.600000 0.000085
12.620000 0.000084
12.640000 0.000082
12.660000 0.000081
12.680000 0.000079
12.700000 0.000078
12.720000 0.000076
12.740000 0.000075
12.760000 0.000074
12.780000 0.000072
12.800000 0.000071
12.820000 0.000070
12.840000 0.000068
12.860000 0.000067
12.880000 0.000066
12.900000 0.000065
12.920000 0.000063
12.940000 0.000062
12.960000 0.000061
12.980000 0.000060
13.000000 0.000059
13.020000 0.000058
13.040000 0.000057
13.060000 0.000056
13.080000 0.000055
13.100000 0.000054
13.120000 0.000053
13.140000 0.000052
13.160000 0.000051
13.180000 0.000050
13.200000 0.000049
13.220000 0.000048
13.240000 0.000047
13.260000 0.000046
13.280000 0.000046
13.300000 0.000045
13.320000 0.000044
13.340000 0.000043
13.360000 0.000042
13.380000 0.000042
13.400000 0.000041
13.420000 0.000040
13.440000 0.000039
13.460000 0.000039
13.480000 0.000038
13.500000 0.000037
13.520000 0.000037
13.540000 0.000036
13.560000 0.000035
13.580000 0.000035
13.600000 0.000034
13.620000 0.000033
13.640000 0.000033
13.660000 0.000032
13.680000 0.000032
13.700000 0.000031
13.720000 0.000030
13.740000 0.000030
13.760000 0.000029
13.780000 0.000029
13.800000 0.000028
13.820000 0.000028
13.840000 0.000027
13.860000 0.000027
13.880000 0.000026
13.900000 0.000026
13.920000 0.000025
13.940000 0.000025
13.960000 0.000024
13.980000 0.000024
14.000000 0.000024
14.020000 0.000023
14.040000 0.000023
14.060000 0.000022
14.080000 0.000022
14.100000 0.000021
14.120000 0.000021
14.140000 0.000021
14.160000 0.000020
14.180000 0.000020
14.200000 0.000020
14.220000 0.000019
14.240000 0.000019
14.260000 0.000019
14.280000 0.000018
14.300000 0.000018
14.320000 0.000018
14.340000 0.000017
14.360000 0.000017
14.380000 0.000017
14.400000 0.000016
14.420000 0.000016
14.440000 0.000016
14.460000 0.000015
14.480000 0.000015
14.500000 0.000015
14.520000 0.000015
14.540000 0.000014
14.560000 0.000014
14.580000 0.000014
14.600000 0.000014
14.620000 0.000013
14.640000 0.000013
14.660000 0.000013
14.680000 0.000013
14.700000 0.000012
14.720000 0.000012
14.740000 0.000012
14.760000 0.000012
14.780000 0.000012
14.800000 0.000011
14.820000 0.000011
14.840000 0.000011
14.860000 0.000011
14.880000 0.000011
14.900000 0.000010
14.920000 0.000010
14.940000 0.000010
14.960000 0.000010
14.980000 0.000010
15.000000 0.000010
15.020000 0.000009
15.040000 0.000009
15.060000 0.000009
15.080000 0.000009
15.100000 0.000009
15.120000 0.000009
15.140000 0.000009
15.160000 0.000008
15.180000 0.000008
15.200000 0.000008
15.220000 0.000008
15.240000 0.000008
15.260000 0.000008
15.280000 0.000008
15.300000 0.000008
15.320000 0.000007
15.340000 0.000007
15.360000 0.000007
15.380000 0.000007
15.400000 0.000007
15.420000 0.000007
15.440000 0.000007
15.460000 0.000007
15.480000 0.000007
15.500000 0.000007
15.520000 0.000007
15.540000 0.000006
15.560000 0.000006
15.580000 0.000006
15.600000 0.000006
15.620000 0.000006
15.640000 0.000006
15.660000 0.000006
15.680000 0.000006
15.700000 0.000006
15.720000 0.000006
15.740000 0.000006
15.760000 0.000006
15.780000 0.000006
15.800000 0.000006
15.820000 0.000006
15.840000 0.000006
15.860000 0.000006
15.880000 0.000005
15.900000 0.000005
15.920000 0.000005
15.940000 0.000005
15.960000 0.000005
15.980000 0.000005
16.000000 0.000005
16.020000 0.000005
16.040000 0.000005
16.060000 0.000005
16.080000 0.000005
16.100000 0.000005
16.120000 0.000005
16.140000 0.000005
16.160000 0.000005
16.180000 0.000005
16.200000 0.000005
16.220000 0.000005
16.240000 0.000005
16.260000 0.000005
16.280000 0.000005
16.300000 0.000005
16.320000 0.000005
16.340000 0.000005
16.360000 0.000005
16.380000 0.000005
16.400000 0.000005
16.420000 0.000005
16.440000 0.000005
16.460000 0.000005
16.480000 0.000005
16.500000 0.000005
16.520000 0.000005
16.540000 0.000005
16.560000 0.000005
16.580000 0.000005
16.600000 0.000005
16.620000 0.000006
16.640000 0.000006
16.660000 0.000006
16.680000 0.000006
16.700000 0.000006
16.720000 0.000006
16.740000 0.000006
16.760000 0.000006
16.780000 0.000006
16.800000 0.000006
16.820000 0.000006
16.840000 0.000006
16.860000 0.000006
16.880000 0.000006
16.900000 0.000006
16.920000 0.000006
16.940000 0.000006
16.960000 0.000007
16.980000 0.000007
17.000000 0.000007
17.020000 0.000007
17.040000 0.000007
17.060000 0.000007
17.080000 0.000007
17.100000 0.000007
17.120000 0.000007
17.140000 0.000007
17.160000 0.000007
17.180000 0.000008
17.200000 0.000008
17.220000 0.000008
17.240000 0.000008
17.260000 0.000008
17.280000 0.000008
17.300000 0.000008
17.320000 0.000008
17.340000 0.000009
17.360000 0.000009
17.380000 0.000009
17.400000 0.000009
17.420000 0.000009
17.440000 0.000009
17.460000 0.000009
17.480000 0.000010
17.500000 0.000010
17.520000 0.000010
17.540000 0.000010
17.560000 0.000010
17.580000 0.000010
17.600000 0.000011
17.620000 0.000011
17.640000 0.000011
17.660000 0.000011
17.680000 0.000011
17.700000 0.000012
17.720000 0.000012
17.740000 0.000012
17.760000 0.000012
17.780000 0.000012
17.800000 0.000013
17.820000 0.000013
17.840000 0.000013
17.860000 0.000013
17.880000 0.000014
17.900000 0.000014
17.920000 0.000014
17.940000 0.000014
17.960000 0.000015
17.980000 0.000015
18.000000 0.000015
18.020000 0.000016
18.040000 0.000016
18.060000 0.000016
18.080000 0.000017
18.100000 0.000017
18.120000 0.000017
18.140000 0.000017
18.160000 0.000018
18.180000 0.000018
18.200000 0.000019
18.220000 0.000019
18.240000 0.000019
18.260000 0.000020
18.280000 0.000020
18.300000 0.000020
18.320000 0.000021
18.340000 0.000021
18.360000 0.000022
18.380000 0.000022
18.400000 0.000022
18.420000 0.000023
18.440000 0.000023
18.460000 0.000024
18.480000 0.000024
18.500000 0.000025
18.520000 0.000025
18.540000 0.000026
18.560000 0.000026
18.580000 0.000027
18.600000 0.000027
18.620000 0.000028
18.640000 0.000028
18.660000 0.000029
18.680000 0.000030
18.700000 0.000030
18.720000 0.000031
18.740000 0.000031
18.760000 0.000032
18.780000 0.000033
18.800000 0.000033
18.820000 0.000034
18.840000 0.000035
18.860000 0.000035
18.880000 0.000036
18.900000 0.000037
18.920000 0.000037
18.940000 0.000038
18.960000 0.000039
18.980000 0.000040
19.000000 0.000041
19.020000 0.000041
19.040000 0.000042
19.060000 0.000043
19.080000 0.000044
19.100000 0.000045
19.120000 0.000046
19.140000 0.000047
19.160000 0.000048
19.180000 0.000048
19.200000 0.000049
19.220000 0.000050
19.240000 0.000051
19.260000 0.000053
19.280000 0.000054
19.300000 0.000055
19.320000 0.000056
19.340000 0.000057
19.360000 0.000058
19.380000 0.000059
19.400000 0.000060
19.420000 0.000062
19.440000 0.000063
19.460000 0.000064
19.480000 0.000065
19.500000 0.000067
19.520000 0.000068
19.540000 0.000069
19.560000 0.000071
19.580000 0.000072
19.600000 0.000074
19.620000 0.000075
19.640000 0.000077
19.660000 0.000078
19.680000 0.000080
19.700000 0.000081
19.720000 0.000083
19.740000 0.000085
19.760000 0.000086
19.780000 0.000088
19.800000 0.000090
19.820000 0.000092
19.840000 0.000094
19.860000 0.000096
19.880000 0.000097
19.900000 0.000099
19.920000 0.000101
19.940000 0.000103
19.960000 0.000106
19.980000 0.000108
20.000000 0.000110


-0.124893

0.000000 0.000000
0.020000 0.013850
0.040000 0.027195
0.060000 0.039998
0.080000 0.052272
0.100000 0.064028
0.120000 0.075279
0.140000 0.086035
0.160000 0.096309
0.180000 0.106110
0.200000 0.115450
0.220000 0.124340
0.240000 0.132790
0.260000 0.140811
0.280000 0.148413
0.300000 0.155606
0.320000 0.162399
0.340000 0.168802
0.360000 0.174825
0.380000 0.180477
0.400000 0.185767
0.420000 0.190704
0.440000 0.195296
0.460000 0.199554
0.480000 0.203484
0.500000 0.207095
0.520000 0.210395
0.540000 0.213393
0.560000 0.216096
0.580000 0.218512
0.600000 0.220649
0.620000 0.222513
0.640000 0.224112
0.660000 0.225454
0.680000 0.226544
0.700000 0.227391
0.720000 0.228001
0.740000 0.228380
0.760000 0.228535
0.780000 0.228472
0.800000 0.228198
0.820000 0.227719
0.840000 0.227040
0.860000 0.226167
0.880000 0.225107
0.900000 0.223864
0.920000 0.222445
0.940000 0.220855
0.960000 0.219098
0.980000 0.217181
1.000000 0.215109
1.020000 0.212885
1.040000 0.210517
1.060000 0.208007
1.080000 0.205361
1.100000 0.202583
1.120000 0.199678
1.140000 0.196651
1.160000 0.193505
1.180000 0.190245
1.200000 0.186875
1.220000 0.183400
1.240000 0.179822
1.260000 0.176146
1.280000 0.172376
1.300000 0.168515
1.320000 0.164568
1.340000 0.160537
1.360000 0.156427
1.380000 0.152240
1.400000 0.147980
1.420000 0.143650
1.440000 0.139254
1.460000 0.134794
1.480000 0.130274
1.500000 0.125696
1.520000 0.121064
1.540000 0.116380
1.560000 0.111648
1.580000 0.106869
1.600000 0.102047
1.620000 0.097184
1.640000 0.092283
1.660000 0.087346
1.680000 0.082375
1.700000 0.077374
1.720000 0.072344
1.740000 0.067287
1.760000 0.062207
1.780000 0.057104
1.800000 0.051981
1.820000 0.046840
1.840000 0.041684
1.860000 0.036513
1.880000 0.031331
1.900000 0.026138
1.920000 0.020937
1.940000 0.015729
1.960000 0.010516
1.980000 0.005300
2.000000 0.000082
2.020000 -0.005135
2.040000 -0.010351
2.060000 -0.015564
2.080000 -0.020773
2.100000 -0.025976
2.120000 -0.031171
2.140000 -0.036358
2.160000 -0.041535
2.180000 -0.046700
2.200000 -0.051853
2.220000 -0.056993
2.240000 -0.062117
2.260000 -0.067226
2.280000 -0.072318
2.300000 -0.077391
2.320000 -0.082445
2.340000 -0.087479
2.360000 -0.092492
2.380000 -0.097483
2.400000 -0.102451
2.420000 -0.107394
2.440000 -0.112313
2.460000 -0.117207
2.480000 -0.122074
2.500000 -0.126914
2.520000 -0.131726
2.540000 -0.136509
2.560000 -0.141263
2.580000 -0.145987
2.600000 -0.150680
2.620000 -0.155342
2.640000 -0.159972
2.660000 -0.164570
2.680000 -0.169134
2.700000 -0.173665
2.720000 -0.178162
2.740000 -0.182624
2.760000 -0.187051
2.780000 -0.191442
2.800000 -0.195798
2.820000 -0.200117
2.840000 -0.204400
2.860000 -0.208645
2.880000 -0.212853
2.900000 -0.217023
2.920000 -0.221155
2.940000 -0.225248
2.960000 -0.229302
2.980000 -0.233318
3.000000 -0.237294
3.020000 -0.241230
3.040000 -0.245127
3.060000 -0.248984
3.080000 -0.252800
3.100000 -0.256576
3.120000 -0.260312
3.140000 -0.264007
3.160000 -0.267661
3.180000 -0.271273
3.200000 -0.274845
3.220000 -0.278376
3.240000 -0.281865
3.260000 -0.285313
3.280000 -0.288719
3.300000 -0.292083
3.320000 -0.295406
3.340000 -0.298688
3.360000 -0.301927
3.380000 -0.305125
3.400000 -0.308281
3.420000 -0.311396
3.440000 -0.314469
3.460000 -0.317500
3.480000 -0.320489
3.500000 -0.323437
3.520000 -0.326343
3.540000 -0.329207
3.560000 -0.332030
3.580000 -0.334812
3.600000 -0.337552
3.620000 -0.340251
3.640000 -0.342909
3.660000 -0.345525
3.680000 -0.348101
3.700000 -0.350636
3.720000 -0.353129
3.740000 -0.355583
3.760000 -0.357996
3.780000 -0.360368
3.800000 -0.362700
3.820000 -0.364992
3.840000 -0.367244
3.860000 -0.369456
3.880000 -0.371629
3.900000 -0.373762
3.920000 -0.375855
3.940000 -0.377910
3.960000 -0.379926
3.980000 -0.381902
4.000000 -0.383840
4.020000 -0.385740
4.040000 -0.387602
4.060000 -0.389425
4.080000 -0.391211
4.100000 -0.392959
4.120000 -0.394670
4.140000 -0.396343
4.160000 -0.397980
4.180000 -0.399579
4.200000 -0.401143
4.220000 -0.402669
4.240000 -0.404160
4.260000 -0.405615
4.280000 -0.407034
4.300000 -0.408418
4.320000 -0.409767
4.340000 -0.411080
4.360000 -0.412359
4.380000 -0.413604
4.400000 -0.414814
4.420000 -0.415990
4.440000 -0.417133
4.460000 -0.418242
4.480000 -0.419318
4.500000 -0.420361
4.520000 -0.421371
4.540000 -0.422349
4.560000 -0.423294
4.580000 -0.424207
4.600000 -0.425089
4.620000 -0.425940
4.640000 -0.426759
4.660000 -0.427547
4.680000 -0.428304
4.700000 -0.429031
4.720000 -0.429728
4.740000 -0.430395
4.760000 -0.431033
4.780000 -0.431641
4.800000 -0.432220
4.820000 -0.432770
4.840000 -0.433291
4.860000 -0.433784
4.880000 -0.434249
4.900000 -0.434687
4.920000 -0.435096
4.940000 -0.435479
4.960000 -0.435834
4.980000 -0.436163
5.000000 -0.436465
5.020000 -0.436741
5.040000 -0.436991
5.060000 -0.437215
5.080000 -0.437414
5.100000 -0.437588
5.120000 -0.437737
5.140000 -0.437861
5.160000 -0.437961
5.180000 -0.438036
5.200000 -0.438088
5.220000 -0.438116
5.240000 -0.438121
5.260000 -0.438102
5.280000 -0.438061
5.300000 -0.437997
5.320000 -0.437911
5.340000 -0.437802
5.360000 -0.437672
5.380000 -0.437520
5.400000 -0.437347
5.420000 -0.437153
5.440000 -0.436938
5.460000 -0.436702
5.480000 -0.436446
5.500000 -0.436170
5.520000 -0.435874
5.540000 -0.435559
5.560000 -0.435224
5.580000 -0.434869
5.600000 -0.434496
5.620000 -0.434105
5.640000 -0.433695
5.660000 -0.433266
5.680000 -0.432820
5.700000 -0.432356
5.720000 -0.431875
5.740000 -0.431376
5.760000 -0.430860
5.780000 -0.430328
5.800000 -0.429779
5.820000 -0.429213
5.840000 -0.428632
5.860000 -0.428034
5.880000 -0.427421
5.900000 -0.426793
5.920000 -0.426149
5.940000 -0.425490
5.960000 -0.424817
5.980000 -0.424129
6.000000 -0.423426
6.020000 -0.422709
6.040000 -0.421979
6.060000 -0.421234
6.080000 -0.420477
6.100000 -0.419706
6.120000 -0.418921
6.140000 -0.418124
6.160000 -0.417314
6.180000 -0.416492
6.200000 -0.415657
6.220000 -0.414810
6.240000 -0.413952
6.260000 -0.413081
6.280000 -0.412199
6.300000 -0.411306
6.320000 -0.410402
6.340000 -0.409487
6.360000 -0.408560
6.380000 -0.407624
6.400000 -0.406677
6.420000 -0.405720
6.440000 -0.404752
6.460000 -0.403775
6.480000 -0.402788
6.500000 -0.401792
6.520000 -0.400787
6.540000 -0.399772
6.560000 -0.398748
6.580000 -0.397716
6.600000 -0.396675
6.620000 -0.395626
6.640000 -0.394568
6.660000 -0.393502
6.680000 -0.392428
6.700000 -0.391346
6.720000 -0.390257
6.740000 -0.389160
6.760000 -0.388056
6.780000 -0.386945
6.800000 -0.385827
6.820000 -0.384702
6.840000 -0.383570
6.860000 -0.382432
6.880000 -0.381288
6.900000 -0.380137
6.920000 -0.378980
6.940000 -0.377817
6.960000 -0.376648
6.980000 -0.375474
7.000000 -0.374294
7.020000 -0.373109
7.040000 -0.371918
7.060000 -0.370723
7.080000 -0.369522
7.100000 -0.368317
7.120000 -0.367106
7.140000 -0.365892
7.160000 -0.364673
7.180000 -0.363449
7.200000 -0.362222
7.220000 -0.360990
7.240000 -0.359754
7.260000 -0.358515
7.280000 -0.357272
7.300000 -0.356025
7.320000 -0.354775
7.340000 -0.353522
7.360000 -0.352265
7.380000 -0.351005
7.400000 -0.349743
7.420000 -0.348477
7.440000 -0.347209
7.460000 -0.345938
7.480000 -0.344664
7.500000 -0.343388
7.520000 -0.342110
7.540000 -0.340830
7.560000 -0.339547
7.580000 -0.338263
7.600000 -0.336976
7.620000 -0.335688
7.640000 -0.334398
7.660000 -0.333106
7.680000 -0.331813
7.700000 -0.330519
7.720000 -0.329223
7.740000 -0.327926
7.760000 -0.326628
7.780000 -0.325328
7.800000 -0.324028
7.820000 -0.322727
7.840000 -0.321425
7.860000 -0.320123
7.880000 -0.318820
7.900000 -0.317516
7.920000 -0.316212
7.940000 -0.314908
7.960000 -0.313603
7.980000 -0.312299
8.000000 -0.310994
8.020000 -0.309689
8.040000 -0.308384
8.060000 -0.307079
8.080000 -0.305775
8.100000 -0.304470
8.120000 -0.303166
8.140000 -0.301863
8.160000 -0.300560
8.180000 -0.299257
8.200000 -0.297956
8.220000 -0.296654
8.240000 -0.295354
8.260000 -0.294055
8.280000 -0.292756
8.300000 -0.291458
8.320000 -0.290162
8.340000 -0.288866
8.360000 -0.287572
8.380000 -0.286279
8.400000 -0.284987
8.420000 -0.283696
8.440000 -0.282407
8.460000 -0.281119
8.480000 -0.279833
8.500000 -0.278548
8.520000 -0.277265
8.540000 -0.275984
8.560000 -0.274704
8.580000 -0.273426
8.600000 -0.272150
8.620000 -0.270876
8.640000 -0.269604
8.660000 -0.268334
8.680000 -0.267065
8.700000 -0.265799
8.720000 -0.264535
8.740000 -0.263273
8.760000 -0.262014
8.780000 -0.260756
8.800000 -0.259501
8.820000 -0.258248
8.840000 -0.256998
8.860000 -0.255750
8.880000 -0.254504
8.900000 -0.253261
8.920000 -0.252021
8.940000 -0.250783
8.960000 -0.249547
8.980000 -0.248315
9.000000 -0.247085
9.020000 -0.245857
9.040000 -0.244633
9.060000 -0.243411
9.080000 -0.242192
9.100000 -0.240976
9.120000 -0.239763
9.140000 -0.238553
9.160000 -0.237346
9.180000 -0.236141
9.200000 -0.234940
9.220000 -0.233742
9.240000 -0.232547
9.260000 -0.231355
9.280000 -0.230166
9.300000 -0.228980
9.320000 -0.227798
9.340000 -0.226618
9.360000 -0.225442
9.380000 -0.224269
9.400000 -0.223100
9.420000 -0.221933
9.440000 -0.220770
9.460000 -0.219611
9.480000 -0.218454
9.500000 -0.217302
9.520000 -0.216152
9.540000 -0.215006
9.560000 -0.213864
9.580000 -0.212725
9.600000 -0.211589
9.620000 -0.210457
9.640000 -0.209328
9.660000 -0.208203
9.680000 -0.207082
9.700000 -0.205964
9.720000 -0.204850
9.740000 -0.203739
9.760000 -0.202632
9.780000 -0.201528
9.800000 -0.200429
9.820000 -0.199333
9.840000 -0.198240
9.860000 -0.197151
9.880000 -0.196066
9.900000 -0.194985
9.920000 -0.193907
9.940000 -0.192834
9.960000 -0.191763
9.980000 -0.190697
10.000000 -0.189635
10.020000 -0.188576
10.040000 -0.187521
10.060000 -0.186469
10.080000 -0.185422
10.100000 -0.184378
10.120000 -0.183339
10.140000 -0.182303
10.160000 -0.181270
10.180000 -0.180242
10.200000 -0.179218
10.220000 -0.178197
10.240000 -0.177180
10.260000 -0.176167
10.280000 -0.175158
10.300000 -0.174153
10.320000 -0.173152
10.340000 -0.172155
10.360000 -0.171161
10.380000 -0.170171
10.400000 -0.169186
10.420000 -0.168204
10.440000 -0.167226
10.460000 -0.166252
10.480000 -0.165281
10.500000 -0.164315
10.520000 -0.163353
10.540000 -0.162394
10.560000 -0.161440
10.580000 -0.160489
10.600000 -0.159542
10.620000 -0.158599
10.640000 -0.157660
10.660000 -0.156725
10.680000 -0.155794
10.700000 -0.154867
10.720000 -0.153943
10.740000 -0.153024
10.760000 -0.152108
10.780000 -0.151196
10.800000 -0.150289
10.820000 -0.149385
10.840000 -0.148485
10.860000 -0.147588
10.880000 -0.146696
10.900000 -0.145808
10.920000 -0.144923
10.940000 -0.144042
10.960000 -0.143165
10.980000 -0.142292
11.000000 -0.141423
11.020000 -0.140558
11.040000 -0.139696
11.060000 -0.138839
11.080000 -0.137985
11.100000 -0.137135
11.120000 -0.136289
11.140000 -0.135446
11.160000 -0.134608
11.180000 -0.133773
11.200000 -0.132942
11.220000 -0.132115
11.240000 -0.131291
11.260000 -0.130472
11.280000 -0.129656
11.300000 -0.128844
11.320000 -0.128035
11.340000 -0.127231
11.360000 -0.126430
11.380000 -0.125633
11.400000 -0.124839
11.420000 -0.124050
11.440000 -0.123264
11.460000 -0.122481
11.480000 -0.121703
11.500000 -0.120928
11.520000 -0.120157
11.540000 -0.119389
11.560000 -0.118625
11.580000 -0.117865
11.600000 -0.117108
11.620000 -0.116355
11.640000 -0.115605
11.660000 -0.114860
11.680000 -0.114117
11.700000 -0.113379
11.720000 -0.112644
11.740000 -0.111912
11.760000 -0.111184
11.780000 -0.110460
11.800000 -0.109739
11.820000 -0.109022
11.840000 -0.108308
11.860000 -0.107597
11.880000 -0.106891
11.900000 -0.106187
11.920000 -0.105487
11.940000 -0.104791
11.960000 -0.104098
11.980000 -0.103408
12.000000 -0.102722
12.020000 -0.102039
12.040000 -0.101360
12.060000 -0.100684
12.080000 -0.100012
12.100000 -0.099343
12.120000 -0.098677
12.140000 -0.098014
12.160000 -0.097355
12.180000 -0.096699
12.200000 -0.096047
12.220000 -0.095398
12.240000 -0.094752
12.260000 -0.094109
12.280000 -0.093470
12.300000 -0.092834
12.320000 -0.092201
12.340000 -0.091571
12.360000 -0.090945
12.380000 -0.090322
12.400000 -0.089701
12.420000 -0.089085
12.440000 -0.088471
12.460000 -0.087860
12.480000 -0.087253
12.500000 -0.086649
12.520000 -0.086047
12.540000 -0.085449
12.560000 -0.084854
12.580000 -0.084262
12.600000 -0.083674
12.620000 -0.083088
12.640000 -0.082505
12.660000 -0.081925
12.680000 -0.081348
12.700000 -0.080775
12.720000 -0.080204
12.740000 -0.079636
12.760000 -0.079071
12.780000 -0.078509
12.800000 -0.077950
12.820000 -0.077394
12.840000 -0.076841
12.860000 -0.076291
12.880000 -0.075743
12.900000 -0.075199
12.920000 -0.074657
12.940000 -0.074118
12.960000 -0.073582
12.980000 -0.073049
13.000000 -0.072519
13.020000 -0.071991
13.040000 -0.071466
13.060000 -0.070944
13.080000 -0.070425
13.100000 -0.069908
13.120000 -0.069394
13.140000 -0.068883
13.160000 -0.068374
13.180000 -0.067868
13.200000 -0.067365
13.220000 -0.066865
13.240000 -0.066367
13.260000 -0.065872
13.280000 -0.065379
13.300000 -0.064889
13.320000 -0.064401
13.340000 -0.063916
13.360000 -0.063434
13.380000 -0.062954
13.400000 -0.062477
13.420000 -0.062002
13.440000 -0.061530
13.460000 -0.061060
13.480000 -0.060592
13.500000 -0.060128
13.520000 -0.059665
13.540000 -0.059205
13.560000 -0.058747
13.580000 -0.058292
13.600000 -0.057839
13.620000 -0.057389
13.640000 -0.056941
13.660000 -0.056495
13.680000 -0.056052
13.700000 -0.055611
13.720000 -0.055172
13.740000 -0.054736
13.760000 -0.054301
13.780000 -0.053869
13.800000 -0.053440
13.820000 -0.053012
13.840000 -0.052587
13.860000 -0.052164
13.880000 -0.051744
13.900000 -0.051325
13.920000 -0.050909
13.940000 -0.050494
13.960000 -0.050082
13.980000 -0.049672
14.000000 -0.049264
14.020000 -0.048859
14.040000 -0.048455
14.060000 -0.048053
14.080000 -0.047654
14.100000 -0.047256
14.120000 -0.046861
14.140000 -0.046468
14.160000 -0.046076
14.180000 -0.045687
14.200000 -0.045300
14.220000 -0.044914
14.240000 -0.044531
14.260000 -0.044149
14.280000 -0.043770
14.300000 -0.043392
14.320000 -0.043016
14.340000 -0.042643
14.360000 -0.042271
14.380000 -0.041900
14.400000 -0.041532
14.420000 -0.041166
14.440000 -0.040801
14.460000 -0.040439
14.480000 -0.040078
14.500000 -0.039719
14.520000 -0.039361
14.540000 -0.039006
14.560000 -0.038652
14.580000 -0.038300
14.600000 -0.037949
14.620000 -0.037600
14.640000 -0.037254
14.660000 -0.036908
14.680000 -0.036565
14.700000 -0.036223
14.720000 -0.035882
14.740000 -0.035544
14.760000 -0.035207
14.780000 -0.034871
14.800000 -0.034537
14.820000 -0.034205
14.840000 -0.033874
14.860000 -0.033545
14.880000 -0.033218
14.900000 -0.032892
14.920000 -0.032567
14.940000 -0.032244
14.960000 -0.031922
14.980000 -0.031602
15.000000 -0.031284
15.020000 -0.030969
15.040000 -0.030656
15.060000 -0.030347
15.080000 -0.030041
15.100000 -0.029737
15.120000 -0.029437
15.140000 -0.029140
15.160000 -0.028845
15.180000 -0.028554
15.200000 -0.028265
15.220000 -0.027979
15.240000 -0.027696
15.260000 -0.027416
15.280000 -0.027138
15.300000 -0.026863
15.320000 -0.026591
15.340000 -0.026322
15.360000 -0.026055
15.380000 -0.025790
15.400000 -0.025529
15.420000 -0.025269
15.440000 -0.025013
15.460000 -0.024759
15.480000 -0.024507
15.500000 -0.024258
15.520000 -0.024011
15.540000 -0.023767
15.560000 -0.023525
15.580000 -0.023285
15.600000 -0.023048
15.620000 -0.022813
15.640000 -0.022580
15.660000 -0.022349
15.680000 -0.022121
15.700000 -0.021895
15.720000 -0.021671
15.740000 -0.021449
15.760000 -0.021230
15.780000 -0.021012
15.800000 -0.020797
15.820000 -0.020584
15.840000 -0.020372
15.860000 -0.020163
15.880000 -0.019956
15.900000 -0.019751
15.920000 -0.019548
15.940000 -0.019347
15.960000 -0.019147
15.980000 -0.018950
16.000000 -0.018754
16.020000 -0.018561
16.040000 -0.018369
16.060000 -0.018179
16.080000 -0.017991
16.100000 -0.017805
16.120000 -0.017620
16.140000 -0.017437
16.160000 -0.017256
16.180000 -0.017077
16.200000 -0.016899
16.220000 -0.016723
16.240000 -0.016549
16.260000 -0.016376
16.280000 -0.016206
16.300000 -0.016036
16.320000 -0.015868
16.340000 -0.015702
16.360000 -0.015538
16.380000 -0.015375
16.400000 -0.015213
16.420000 -0.015053
16.440000 -0.014895
16.460000 -0.014738
16.480000 -0.014582
16.500000 -0.014428
16.520000 -0.014276
16.540000 -0.014124
16.560000 -0.013975
16.580000 -0.013826
16.600000 -0.013679
16.620000 -0.013534
16.640000 -0.013389
16.660000 -0.013246
16.680000 -0.013105
16.700000 -0.012964
16.720000 -0.012825
16.740000 -0.012688
16.760000 -0.012551
16.780000 -0.012416
16.800000 -0.012282
16.820000 -0.012149
16.840000 -0.012018
16.860000 -0.011887
16.880000 -0.011758
16.900000 -0.011630
16.920000 -0.011503
16.940000 -0.011378
16.960000 -0.011253
16.980000 -0.011130
17.000000 -0.011008
17.020000 -0.010886
17.040000 -0.010766
17.060000 -0.010647
17.080000 -0.010529
17.100000 -0.010412
17.120000 -0.010297
17.140000 -0.010182
17.160000 -0.010068
17.180000 -0.009955
17.200000 -0.009843
17.220000 -0.009732
17.240000 -0.009623
17.260000 -0.009514
17.280000 -0.009406
17.300000 -0.009299
17.320000 -0.009193
17.340000 -0.009088
17.360000 -0.008983
17.380000 -0.008880
17.400000 -0.008777
17.420000 -0.008676
17.440000 -0.008575
17.460000 -0.008475
17.480000 -0.008376
17.500000 -0.008278
17.520000 -0.008181
17.540000 -0.008084
17.560000 -0.007988
17.580000 -0.007893
17.600000 -0.007799
17.620000 -0.007706
17.640000 -0.007613
17.660000 -0.007522
17.680000 -0.007430
17.700000 -0.007340
17.720000 -0.007250
17.740000 -0.007162
17.760000 -0.007073
17.780000 -0.006986
17.800000 -0.006899
17.820000 -0.006813
17.840000 -0.006728
17.860000 -0.006643
17.880000 -0.006559
17.900000 -0.006476
17.920000 -0.006393
17.940000 -0.006311
17.960000 -0.006229
17.980000 -0.006148
18.000000 -0.006068
18.020000 -0.005988
18.040000 -0.005909
18.060000 -0.005831
18.080000 -0.005753
18.100000 -0.005676
18.120000 -0.005599
18.140000 -0.005523
18.160000 -0.005447
18.180000 -0.005372
18.200000 -0.005298
18.220000 -0.005224
18.240000 -0.005150
18.260000 -0.005077
18.280000 -0.005005
18.300000 -0.004933
18.320000 -0.004861
18.340000 -0.004790
18.360000 -0.004720
18.380000 -0.004650
18.400000 -0.004580
18.420000 -0.004511
18.440000 -0.004442
18.460000 -0.004374
18.480000 -0.004306
18.500000 -0.004239
18.520000 -0.004172
18.540000 -0.004106
18.560000 -0.004040
18.580000 -0.003974
18.600000 -0.003909
18.620000 -0.003844
18.640000 -0.003779
18.660000 -0.003715
18.680000 -0.003651
18.700000 -0.003588
18.720000 -0.003525
18.740000 -0.003462
18.760000 -0.003400
18.780000 -0.003338
18.800000 -0.003276
18.820000 -0.003215
18.840000 -0.003154
18.860000 -0.003093
18.880000 -0.003032
18.900000 -0.002972
18.920000 -0.002913
18.940000 -0.002853
18.960000 -0.002794
18.980000 -0.002735
19.000000 -0.002676
19.020000 -0.002618
19.040000 -0.002560
19.060000 -0.002502
19.080000 -0.002444
19.100000 -0.002387
19.120000 -0.002329
19.140000 -0.002273
19.160000 -0.002216
19.180000 -0.002159
19.200000 -0.002103
19.220000 -0.002047
19.240000 -0.001991
19.260000 -0.001936
19.280000 -0.001880
19.300000 -0.001825
19.320000 -0.001770
19.340000 -0.001715
19.360000 -0.001660
19.380000 -0.001605
19.400000 -0.001551
19.420000 -0.001497
19.440000 -0.001443
19.460000 -0.001389
19.480000 -0.001335
19.500000 -0.001281
19.520000 -0.001228
19.540000 -0.001174
19.560000 -0.001121
19.580000 -0.001068
19.600000 -0.001015
19.620000 -0.000962
19.640000 -0.000909
19.660000 -0.000856
19.680000 -0.000803
19.700000 -0.000750
19.720000 -0.000698
19.740000 -0.000645
19.760000 -0.000593
19.780000 -0.000541
19.800000 -0.000488
19.820000 -0.000436
19.840000 -0.000384
19.860000 -0.000331
19.880000 -0.000279
19.900000 -0.000227
19.920000 -0.000175
19.940000 -0.000123
19.960000 -0.000071
19.980000 -0.000019
20.000000 0.000033


-0.043617

0.000000 0.000000
0.020000 0.010259
0.040000 0.020143
0.060000 0.029625
0.080000 0.038712
0.100000 0.047414
0.120000 0.055739
0.140000 0.063693
0.160000 0.071286
0.180000 0.078525
0.200000 0.085418
0.220000 0.091972
0.240000 0.098195
0.260000 0.104093
0.280000 0.109676
0.300000 0.114948
0.320000 0.119918
0.340000 0.124593
0.360000 0.128978
0.380000 0.133082
0.400000 0.136910
0.420000 0.140469
0.440000 0.143765
0.460000 0.146805
0.480000 0.149595
0.500000 0.152140
0.520000 0.154448
0.540000 0.156523
0.560000 0.158372
0.580000 0.160000
0.600000 0.161413
0.620000 0.162616
0.640000 0.163616
0.660000 0.164416
0.680000 0.165023
0.700000 0.165441
0.720000 0.165676
0.740000 0.165733
0.760000 0.165617
0.780000 0.165331
0.800000 0.164883
0.820000 0.164274
0.840000 0.163512
0.860000 0.162599
0.880000 0.161541
0.900000 0.160341
0.920000 0.159005
0.940000 0.157536
0.960000 0.155938
0.980000 0.154216
1.000000 0.152373
1.020000 0.150414
1.040000 0.148342
1.060000 0.146161
1.080000 0.143875
1.100000 0.141487
1.120000 0.139001
1.140000 0.136421
1.160000 0.133750
1.180000 0.130991
1.200000 0.128148
1.220000 0.125224
1.240000 0.122222
1.260000 0.119146
1.280000 0.115998
1.300000 0.112782
1.320000 0.109500
1.340000 0.106156
1.360000 0.102752
1.380000 0.099291
1.400000 0.095777
1.420000 0.092210
1.440000 0.088595
1.460000 0.084934
1.480000 0.081229
1.500000 0.077484
1.520000 0.073699
1.540000 0.069878
1.560000 0.066024
1.580000 0.062138
1.600000 0.058222
1.620000 0.054280
1.640000 0.050313
1.660000 0.046322
1.680000 0.042312
1.700000 0.038282
1.720000 0.034236
1.740000 0.030175
1.760000 0.026101
1.780000 0.022016
1.800000 0.017922
1.820000 0.013821
1.840000 0.009714
1.860000 0.005604
1.880000 0.001491
1.900000 -0.002623
1.920000 -0.006735
1.940000 -0.010845
1.960000 -0.014951
1.980000 -0.019052
2.000000 -0.023145
2.020000 -0.027230
2.040000 -0.031305
2.060000 -0.035368
2.080000 -0.039420
2.100000 -0.043457
2.120000 -0.047480
2.140000 -0.051486
2.160000 -0.055474
2.180000 -0.059445
2.200000 -0.063395
2.220000 -0.067325
2.240000 -0.071232
2.260000 -0.075117
2.280000 -0.078978
2.300000 -0.082814
2.320000 -0.086623
2.340000 -0.090406
2.360000 -0.094162
2.380000 -0.097888
2.400000 -0.101586
2.420000 -0.105252
2.440000 -0.108888
2.460000 -0.112492
2.480000 -0.116063
2.500000 -0.119601
2.520000 -0.123105
2.540000 -0.126574
2.560000 -0.130007
2.580000 -0.133404
2.600000 -0.136765
2.620000 -0.140088
2.640000 -0.143374
2.660000 -0.146621
2.680000 -0.149829
2.700000 -0.152997
2.720000 -0.156126
2.740000 -0.159214
2.760000 -0.162261
2.780000 -0.165267
2.800000 -0.168231
2.820000 -0.171153
2.840000 -0.174032
2.860000 -0.176868
2.880000 -0.179661
2.900000 -0.182411
2.920000 -0.185116
2.940000 -0.187777
2.960000 -0.190394
2.980000 -0.192966
3.000000 -0.195492
3.020000 -0.197974
3.040000 -0.200410
3.060000 -0.202800
3.080000 -0.205144
3.100000 -0.207442
3.120000 -0.209694
3.140000 -0.211899
3.160000 -0.214058
3.180000 -0.216170
3.200000 -0.218235
3.220000 -0.220253
3.240000 -0.222224
3.260000 -0.224148
3.280000 -0.226025
3.300000 -0.227855
3.320000 -0.229637
3.340000 -0.231372
3.360000 -0.233060
3.380000 -0.234700
3.400000 -0.236293
3.420000 -0.237839
3.440000 -0.239337
3.460000 -0.240788
3.480000 -0.242192
3.500000 -0.243548
3.520000 -0.244858
3.540000 -0.246120
3.560000 -0.247335
3.580000 -0.248503
3.600000 -0.249625
3.620000 -0.250699
3.640000 -0.251727
3.660000 -0.252709
3.680000 -0.253644
3.700000 -0.254532
3.720000 -0.255375
3.740000 -0.256171
3.760000 -0.256922
3.780000 -0.257627
3.800000 -0.258286
3.820000 -0.258901
3.840000 -0.259469
3.860000 -0.259993
3.880000 -0.260472
3.900000 -0.260907
3.920000 -0.261297
3.940000 -0.261643
3.960000 -0.261945
3.980000 -0.262203
4.000000 -0.262417
4.020000 -0.262588
4.040000 -0.262717
4.060000 -0.262802
4.080000 -0.262844
4.100000 -0.262845
4.120000 -0.262803
4.140000 -0.262719
4.160000 -0.262594
4.180000 -0.262427
4.200000 -0.262220
4.220000 -0.261971
4.240000 -0.261682
4.260000 -0.261353
4.280000 -0.260983
4.300000 -0.260575
4.320000 -0.260126
4.340000 -0.259639
4.360000 -0.259113
4.380000 -0.258548
4.400000 -0.257945
4.420000 -0.257304
4.440000 -0.256626
4.460000 -0.255910
4.480000 -0.255158
4.500000 -0.254368
4.520000 -0.253543
4.540000 -0.252681
4.560000 -0.251784
4.580000 -0.250851
4.600000 -0.249883
4.620000 -0.248881
4.640000 -0.247844
4.660000 -0.246772
4.680000 -0.245668
4.700000 -0.244529
4.720000 -0.243358
4.740000 -0.242154
4.760000 -0.240917
4.780000 -0.239649
4.800000 -0.238349
4.820000 -0.237017
4.840000 -0.235654
4.860000 -0.234260
4.880000 -0.232837
4.900000 -0.231383
4.920000 -0.229899
4.940000 -0.228386
4.960000 -0.226844
4.980000 -0.225273
5.000000 -0.223674
5.020000 -0.222047
5.040000 -0.220392
5.060000 -0.218710
5.080000 -0.217001
5.100000 -0.215266
5.120000 -0.213504
5.140000 -0.211716
5.160000 -0.209903
5.180000 -0.208065
5.200000 -0.206201
5.220000 -0.204314
5.240000 -0.202402
5.260000 -0.200466
5.280000 -0.198506
5.300000 -0.196524
5.320000 -0.194518
5.340000 -0.192491
5.360000 -0.190441
5.380000 -0.188369
5.400000 -0.186276
5.420000 -0.184162
5.440000 -0.182027
5.460000 -0.179871
5.480000 -0.177696
5.500000 -0.175500
5.520000 -0.173286
5.540000 -0.171052
5.560000 -0.168800
5.580000 -0.166529
5.600000 -0.164240
5.620000 -0.161933
5.640000 -0.159609
5.660000 -0.157268
5.680000 -0.154910
5.700000 -0.152536
5.720000 -0.150146
5.740000 -0.147740
5.760000 -0.145318
5.780000 -0.142882
5.800000 -0.140430
5.820000 -0.137964
5.840000 -0.135484
5.860000 -0.132990
5.880000 -0.130483
5.900000 -0.127962
5.920000 -0.125429
5.940000 -0.122883
5.960000 -0.120324
5.980000 -0.117754
6.000000 -0.115172
6.020000 -0.112579
6.040000 -0.109975
6.060000 -0.107360
6.080000 -0.104734
6.100000 -0.102099
6.120000 -0.099453
6.140000 -0.096798
6.160000 -0.094134
6.180000 -0.091461
6.200000 -0.088779
6.220000 -0.086089
6.240000 -0.083391
6.260000 -0.080685
6.280000 -0.077971
6.300000 -0.075251
6.320000 -0.072523
6.340000 -0.069789
6.360000 -0.067048
6.380000 -0.064302
6.400000 -0.061549
6.420000 -0.058791
6.440000 -0.056028
6.460000 -0.053259
6.480000 -0.050486
6.500000 -0.047709
6.520000 -0.044927
6.540000 -0.042141
6.560000 -0.039352
6.580000 -0.036559
6.600000 -0.033763
6.620000 -0.030964
6.640000 -0.028162
6.660000 -0.025358
6.680000 -0.022552
6.700000 -0.019744
6.720000 -0.016934
6.740000 -0.014123
6.760000 -0.011311
6.780000 -0.008498
6.800000 -0.005684
6.820000 -0.002869
6.840000 -0.000054
6.860000 0.002760
6.880000 0.005575
6.900000 0.008389
6.920000 0.011202
6.940000 0.014015
6.960000 0.016826
6.980000 0.019636
7.000000 0.022444
7.020000 0.025251
7.040000 0.028056
7.060000 0.030858
7.080000 0.033658
7.100000 0.036455
7.120000 0.039250
7.140000 0.042041
7.160000 0.044830
7.180000 0.047614
7.200000 0.050396
7.220000 0.053173
7.240000 0.055946
7.260000 0.058715
7.280000 0.061480
7.300000 0.064240
7.320000 0.066995
7.340000 0.069745
7.360000 0.072490
7.380000 0.075230
7.400000 0.077964
7.420000 0.080693
7.440000 0.083415
7.460000 0.086132
7.480000 0.088842
7.500000 0.091546
7.520000 0.094244
7.540000 0.096934
7.560000 0.099618
7.580000 0.102294
7.600000 0.104964
7.620000 0.107626
7.640000 0.110280
7.660000 0.112927
7.680000 0.115566
7.700000 0.118197
7.720000 0.120820
7.740000 0.123434
7.760000 0.126040
7.780000 0.128638
7.800000 0.131226
7.820000 0.133806
7.840000 0.136377
7.860000 0.138938
7.880000 0.141491
7.900000 0.144034
7.920000 0.146567
7.940000 0.149091
7.960000 0.151605
7.980000 0.154108
8.000000 0.156602
8.020000 0.159086
8.040000 0.161559
8.060000 0.164022
8.080000 0.166474
8.100000 0.168916
8.120000 0.171347
8.140000 0.173767
8.160000 0.176176
8.180000 0.178573
8.200000 0.180960
8.220000 0.183335
8.240000 0.185699
8.260000 0.188051
8.280000 0.190392
8.300000 0.192721
8.320000 0.195038
8.340000 0.197343
8.360000 0.199636
8.380000 0.201916
8.400000 0.204185
8.420000 0.206441
8.440000 0.208685
8.460000 0.210917
8.480000 0.213135
8.500000 0.215342
8.520000 0.217535
8.540000 0.219715
8.560000 0.221883
8.580000 0.224038
8.600000 0.226179
8.620000 0.228308
8.640000 0.230423
8.660000 0.232525
8.680000 0.234613
8.700000 0.236688
8.720000 0.238750
8.740000 0.240798
8.760000 0.242832
8.780000 0.244853
8.800000 0.246860
8.820000 0.248853
8.840000 0.250832
8.860000 0.252797
8.880000 0.254749
8.900000 0.256686
8.920000 0.258609
8.940000 0.260518
8.960000 0.262412
8.980000 0.264293
9.000000 0.266159
9.020000 0.268011
9.040000 0.269848
9.060000 0.271671
9.080000 0.273479
9.100000 0.275273
9.120000 0.277052
9.140000 0.278817
9.160000 0.280566
9.180000 0.282301
9.200000 0.284022
9.220000 0.285727
9.240000 0.287418
9.260000 0.289094
9.280000 0.290755
9.300000 0.292401
9.320000 0.294032
9.340000 0.295649
9.360000 0.297250
9.380000 0.298836
9.400000 0.300407
9.420000 0.301963
9.440000 0.303504
9.460000 0.305030
9.480000 0.306540
9.500000 0.308036
9.520000 0.309516
9.540000 0.310981
9.560000 0.312431
9.580000 0.313865
9.600000 0.315285
9.620000 0.316689
9.640000 0.318078
9.660000 0.319451
9.680000 0.320809
9.700000 0.322152
9.720000 0.323479
9.740000 0.324792
9.760000 0.326088
9.780000 0.327370
9.800000 0.328636
9.820000 0.329887
9.840000 0.331122
9.860000 0.332342
9.880000 0.333547
9.900000 0.334736
9.920000 0.335910
9.940000 0.337069
9.960000 0.338212
9.980000 0.339340
10.000000 0.340452
10.020000 0.341549
10.040000 0.342631
10.060000 0.343697
10.080000 0.344748
10.100000 0.345784
10.120000 0.346804
10.140000 0.347810
10.160000 0.348799
10.180000 0.349774
10.200000 0.350733
10.220000 0.351677
10.240000 0.352606
10.260000 0.353519
10.280000 0.354417
10.300000 0.355300
10.320000 0.356168
10.340000 0.357021
10.360000 0.357858
10.380000 0.358681
10.400000 0.359488
10.420000 0.360280
10.440000 0.361057
10.460000 0.361819
10.480000 0.362566
10.500000 0.363297
10.520000 0.364014
10.540000 0.364716
10.560000 0.365403
10.580000 0.366075
10.600000 0.366732
10.620000 0.367374
10.640000 0.368002
10.660000 0.368614
10.680000 0.369212
10.700000 0.369795
10.720000 0.370363
10.740000 0.370916
10.760000 0.371455
10.780000 0.371979
10.800000 0.372489
10.820000 0.372984
10.840000 0.373464
10.860000 0.373930
10.880000 0.374381
10.900000 0.374818
10.920000 0.375240
10.940000 0.375648
10.960000 0.376042
10.980000 0.376421
11.000000 0.376786
11.020000 0.377137
11.040000 0.377474
11.060000 0.377796
11.080000 0.378104
11.100000 0.378398
11.120000 0.378678
11.140000 0.378944
11.160000 0.379196
11.180000 0.379435
11.200000 0.379659
11.220000 0.379869
11.240000 0.380066
11.260000 0.380248
11.280000 0.380417
11.300000 0.380572
11.320000 0.380714
11.340000 0.380842
11.360000 0.380956
11.380000 0.381057
11.400000 0.381144
11.420000 0.381218
11.440000 0.381279
11.460000 0.381326
11.480000 0.381360
11.500000 0.381380
11.520000 0.381388
11.540000 0.381382
11.560000 0.381363
11.580000 0.381331
11.600000 0.381286
11.620000 0.381228
11.640000 0.381157
11.660000 0.381073
11.680000 0.380976
11.700000 0.380866
11.720000 0.380744
11.740000 0.380609
11.760000 0.380461
11.780000 0.380301
11.800000 0.380128
11.820000 0.379943
11.840000 0.379745
11.860000 0.379535
11.880000 0.379312
11.900000 0.379077
11.920000 0.378830
11.940000 0.378571
11.960000 0.378299
11.980000 0.378015
12.000000 0.377720
12.020000 0.377412
12.040000 0.377092
12.060000 0.376761
12.080000 0.376418
12.100000 0.376062
12.120000 0.375696
12.140000 0.375317
12.160000 0.374927
12.180000 0.374525
12.200000 0.374112
12.220000 0.373687
12.240000 0.373250
12.260000 0.372803
12.280000 0.372344
12.300000 0.371874
12.320000 0.371392
12.340000 0.370900
12.360000 0.370396
12.380000 0.369881
12.400000 0.369356
12.420000 0.368819
12.440000 0.368271
12.460000 0.367713
12.480000 0.367144
12.500000 0.366564
12.520000 0.365973
12.540000 0.365372
12.560000 0.364761
12.580000 0.364138
12.600000 0.363506
12.620000 0.362863
12.640000 0.362209
12.660000 0.361545
12.680000 0.360872
12.700000 0.360187
12.720000 0.359493
12.740000 0.358789
12.760000 0.358075
12.780000 0.357350
12.800000 0.356616
12.820000 0.355872
12.840000 0.355118
12.860000 0.354355
12.880000 0.353582
12.900000 0.352799
12.920000 0.352006
12.940000 0.351204
12.960000 0.350393
12.980000 0.349572
13.000000 0.348742
13.020000 0.347903
13.040000 0.347054
13.060000 0.346196
13.080000 0.345329
13.100000 0.344453
13.120000 0.343568
13.140000 0.342674
13.160000 0.341771
13.180000 0.340859
13.200000 0.339939
13.220000 0.339010
13.240000 0.338072
13.260000 0.337125
13.280000 0.336170
13.300000 0.335206
13.320000 0.334234
13.340000 0.333253
13.360000 0.332264
13.380000 0.331267
13.400000 0.330262
13.420000 0.329248
13.440000 0.328226
13.460000 0.327196
13.480000 0.326158
13.500000 0.325112
13.520000 0.324058
13.540000 0.322997
13.560000 0.321927
13.580000 0.320850
13.600000 0.319765
13.620000 0.318672
13.640000 0.317572
13.660000 0.316464
13.680000 0.315349
13.700000 0.314226
13.720000 0.313096
13.740000 0.311959
13.760000 0.310814
13.780000 0.309662
13.800000 0.308503
13.820000 0.307337
13.840000 0.306163
13.860000 0.304983
13.880000 0.303796
13.900000 0.302602
13.920000 0.301401
13.940000 0.300193
13.960000 0.298978
13.980000 0.297757
14.000000 0.296529
14.020000 0.295294
14.040000 0.294053
14.060000 0.292806
14.080000 0.291552
14.100000 0.290291
14.120000 0.289024
14.140000 0.287751
14.160000 0.286472
14.180000 0.285187
14.200000 0.283895
14.220000 0.282597
14.240000 0.281294
14.260000 0.279984
14.280000 0.278668
14.300000 0.277347
14.320000 0.276019
14.340000 0.274686
14.360000 0.273347
14.380000 0.272002
14.400000 0.270652
14.420000 0.269296
14.440000 0.267935
14.460000 0.266568
14.480000 0.265196
14.500000 0.263818
14.520000 0.262435
14.540000 0.261047
14.560000 0.259653
14.580000 0.258254
14.600000 0.256850
14.620000 0.255441
14.640000 0.254027
14.660000 0.252608
14.680000 0.251183
14.700000 0.249754
14.720000 0.248320
14.740000 0.246881
14.760000 0.245438
14.780000 0.243990
14.800000 0.242537
14.820000 0.241079
14.840000 0.239617
14.860000 0.238150
14.880000 0.236678
14.900000 0.235203
14.920000 0.233722
14.940000 0.232238
14.960000 0.230749
14.980000 0.229256
15.000000 0.227759
15.020000 0.226270
15.040000 0.224788
15.060000 0.223314
15.080000 0.221848
15.100000 0.220390
15.120000 0.218940
15.140000 0.217497
15.160000 0.216061
15.180000 0.214633
15.200000 0.213213
15.220000 0.211800
15.240000 0.210395
15.260000 0.208997
15.280000 0.207606
15.300000 0.206222
15.320000 0.204846
15.340000 0.203477
15.360000 0.202114
15.380000 0.200759
15.400000 0.199411
15.420000 0.198070
15.440000 0.196736
15.460000 0.195409
15.480000 0.194088
15.500000 0.192774
15.520000 0.191467
15.540000 0.190167
15.560000 0.188873
15.580000 0.187586
15.600000 0.186305
15.620000 0.185031
15.640000 0.183764
15.660000 0.182502
15.680000 0.181248
15.700000 0.179999
15.720000 0.178757
15.740000 0.177521
15.760000 0.176291
15.780000 0.175067
15.800000 0.173850
15.820000 0.172638
15.840000 0.171433
15.860000 0.170233
15.880000 0.169040
15.900000 0.167852
15.920000 0.166670
15.940000 0.165494
15.960000 0.164324
15.980000 0.163160
16.000000 0.162001
16.020000 0.160848
16.040000 0.159700
16.060000 0.158558
16.080000 0.157422
16.100000 0.156291
16.120000 0.155166
16.140000 0.154046
16.160000 0.152931
16.180000 0.151822
16.200000 0.150718
16.220000 0.149619
16.240000 0.148525
16.260000 0.147437
16.280000 0.146354
16.300000 0.145276
16.320000 0.144203
16.340000 0.143135
16.360000 0.142071
16.380000 0.141013
16.400000 0.139960
16.420000 0.138912
16.440000 0.137869
16.460000 0.136830
16.480000 0.135796
16.500000 0.134767
16.520000 0.133743
16.540000 0.132723
16.560000 0.131708
16.580000 0.130697
16.600000 0.129691
16.620000 0.128690
16.640000 0.127693
16.660000 0.126701
16.680000 0.125713
16.700000 0.124729
16.720000 0.123750
16.740000 0.122775
16.760000 0.121804
16.780000 0.120838
16.800000 0.119875
16.820000 0.118917
16.840000 0.117963
16.860000 0.117014
16.880000 0.116068
16.900000 0.115126
16.920000 0.114189
16.940000 0.113255
16.960000 0.112325
16.980000 0.111399
17.000000 0.110478
17.020000 0.109560
17.040000 0.108645
17.060000 0.107735
17.080000 0.106828
17.100000 0.105925
17.120000 0.105026
17.140000 0.104131
17.160000 0.103239
17.180000 0.102350
17.200000 0.101465
17.220000 0.100584
17.240000 0.099707
17.260000 0.098832
17.280000 0.097961
17.300000 0.097094
17.320000 0.096230
17.340000 0.095370
17.360000 0.094512
17.380000 0.093658
17.400000 0.092807
17.420000 0.091960
17.440000 0.091116
17.460000 0.090275
17.480000 0.089437
17.500000 0.088602
17.520000 0.087770
17.540000 0.086941
17.560000 0.086116
17.580000 0.085293
17.600000 0.084473
17.620000 0.083657
17.640000 0.082843
17.660000 0.082032
17.680000 0.081224
17.700000 0.080419
17.720000 0.079616
17.740000 0.078817
17.760000 0.078020
17.780000 0.077226
17.800000 0.076434
17.820000 0.075645
17.840000 0.074859
17.860000 0.074076
17.880000 0.073295
17.900000 0.072516
17.920000 0.071741
17.940000 0.070967
17.960000 0.070196
17.980000 0.069428
18.000000 0.068662
18.020000 0.067898
18.040000 0.067137
18.060000 0.066378
18.080000 0.065621
18.100000 0.064867
18.120000 0.064115
18.140000 0.063365
18.160000 0.062618
18.180000 0.061872
18.200000 0.061129
18.220000 0.060388
18.240000 0.059649
18.260000 0.058912
18.280000 0.058177
18.300000 0.057444
18.320000 0.056713
18.340000 0.055985
18.360000 0.055258
18.380000 0.054533
18.400000 0.053810
18.420000 0.053088
18.440000 0.052369
18.460000 0.051652
18.480000 0.050936
18.500000 0.050222
18.520000 0.049510
18.540000 0.048799
18.560000 0.048091
18.580000 0.047383
18.600000 0.046678
18.620000 0.045974
18.640000 0.045272
18.660000 0.044571
18.680000 0.043872
18.700000 0.043175
18.720000 0.042479
18.740000 0.041784
18.760000 0.041091
18.780000 0.040400
18.800000 0.039709
18.820000 0.039021
18.840000 0.038333
18.860000 0.037647
18.880000 0.036962
18.900000 0.036279
18.920000 0.035596
18.940000 0.034915
18.960000 0.034235
18.980000 0.033557
19.000000 0.032879
19.020000 0.032203
19.040000 0.031528
19.060000 0.030854
19.080000 0.030181
19.100000 0.029509
19.120000 0.028838
19.140000 0.028168
19.160000 0.027499
19.180000 0.026831
19.200000 0.026164
19.220000 0.025498
19.240000 0.024833
19.260000 0.024168
19.280000 0.023505
19.300000 0.022842
19.320000 0.022180
19.340000 0.021519
19.360000 0.020859
19.380000 0.020199
19.400000 0.019540
19.420000 0.018882
19.440000 0.018224
19.460000 0.017567
19.480000 0.016911
19.500000 0.016255
19.520000 0.015600
19.540000 0.014945
19.560000 0.014291
19.580000 0.013637
19.600000 0.012984
19.620000 0.012331
19.640000 0.011679
19.660000 0.011027
19.680000 0.010376
19.700000 0.009725
19.720000 0.009074
19.740000 0.008423
19.760000 0.007773
19.780000 0.007123
19.800000 0.006474
19.820000 0.005824
19.840000 0.005175
19.860000 0.004526
19.880000 0.003877
19.900000 0.003228
19.920000 0.002580
19.940000 0.001931
19.960000 0.001283
19.980000 0.000634
20.000000 -0.000014


