-0.499801

0.000000 0.000000
0.020000 0.039077
0.040000 0.076739
0.060000 0.112898
0.080000 0.147595
0.100000 0.180876
0.120000 0.212783
0.140000 0.243355
0.160000 0.272634
0.180000 0.300659
0.200000 0.327468
0.220000 0.353098
0.240000 0.377585
0.260000 0.400964
0.280000 0.423270
0.300000 0.444535
0.320000 0.464793
0.340000 0.484075
0.360000 0.502411
0.380000 0.519831
0.400000 0.536365
0.420000 0.552040
0.440000 0.566885
0.460000 0.580926
0.480000 0.594188
0.500000 0.606698
0.520000 0.618479
0.540000 0.629556
0.560000 0.639953
0.580000 0.649690
0.600000 0.658792
0.620000 0.667278
0.640000 0.675170
0.660000 0.682488
0.680000 0.689252
0.700000 0.695480
0.720000 0.701192
0.740000 0.706405
0.760000 0.711136
0.780000 0.715403
0.800000 0.719223
0.820000 0.722610
0.840000 0.725582
0.860000 0.728153
0.880000 0.730337
0.900000 0.732150
0.920000 0.733604
0.940000 0.734714
0.960000 0.735492
0.980000 0.735952
1.000000 0.736105
1.020000 0.735963
1.040000 0.735538
1.060000 0.734842
1.080000 0.733885
1.100000 0.732677
1.120000 0.731230
1.140000 0.729552
1.160000 0.727655
1.180000 0.725546
1.200000 0.723236
1.220000 0.720733
1.240000 0.718045
1.260000 0.715181
1.280000 0.712149
1.300000 0.708956
1.320000 0.705611
1.340000 0.702120
1.360000 0.698491
1.380000 0.694730
1.400000 0.690844
1.420000 0.686840
1.440000 0.682723
1.460000 0.678500
1.480000 0.674176
1.500000 0.669757
1.520000 0.665250
1.540000 0.660658
1.560000 0.655986
1.580000 0.651241
1.600000 0.646427
1.620000 0.641547
1.640000 0.636607
1.660000 0.631612
1.680000 0.626564
1.700000 0.621469
1.720000 0.616329
1.740000 0.611150
1.760000 0.605934
1.780000 0.600684
1.800000 0.595405
1.820000 0.590099
1.840000 0.584770
1.860000 0.579420
1.880000 0.574053
1.900000 0.568671
1.920000 0.563277
1.940000 0.557874
1.960000 0.552463
1.980000 0.547048
2.000000 0.541630
2.020000 0.536213
2.040000 0.530797
2.060000 0.525386
2.080000 0.519981
2.100000 0.514583
2.120000 0.509195
2.140000 0.503819
2.160000 0.498456
2.180000 0.493107
2.200000 0.487775
2.220000 0.482460
2.240000 0.477164
2.260000 0.471889
2.280000 0.466636
2.300000 0.461405
2.320000 0.456198
2.340000 0.451016
2.360000 0.445861
2.380000 0.440732
2.400000 0.435632
2.420000 0.430560
2.440000 0.425519
2.460000 0.420508
2.480000 0.415528
2.500000 0.410581
2.520000 0.405666
2.540000 0.400785
2.560000 0.395937
2.580000 0.391125
2.600000 0.386347
2.620000 0.381605
2.640000 0.376899
2.660000 0.372230
2.680000 0.367597
2.700000 0.363002
2.720000 0.358444
2.740000 0.353924
2.760000 0.349443
2.780000 0.344999
2.800000 0.340595
2.820000 0.336229
2.840000 0.331903
2.860000 0.327615
2.880000 0.323367
2.900000 0.319158
2.920000 0.314989
2.940000 0.310860
2.960000 0.306770
2.980000 0.302720
3.000000 0.298710
3.020000 0.294740
3.040000 0.290809
3.060000 0.286918
3.080000 0.283067
3.100000 0.279255
3.120000 0.275484
3.140000 0.271751
3.160000 0.268058
3.180000 0.264404
3.200000 0.260790
3.220000 0.257215
3.240000 0.253678
3.260000 0.250180
3.280000 0.246721
3.300000 0.243301
3.320000 0.239919
3.340000 0.236574
3.360000 0.233268
3.380000 0.230000
3.400000 0.226769
3.420000 0.223575
3.440000 0.220419
3.460000 0.217299
3.480000 0.214216
3.500000 0.211169
3.520000 0.208159
3.540000 0.205184
3.560000 0.202245
3.580000 0.199342
3.600000 0.196474
3.620000 0.193640
3.640000 0.190841
3.660000 0.188077
3.680000 0.185347
3.700000 0.182650
3.720000 0.179987
3.740000 0.177358
3.760000 0.174761
3.780000 0.172197
3.800000 0.169665
3.820000 0.167166
3.840000 0.164698
3.860000 0.162262
3.880000 0.159857
3.900000 0.157483
3.920000 0.155140
3.940000 0.152827
3.960000 0.150544
3.980000 0.148291
4.000000 0.146068
4.020000 0.143873
4.040000 0.141708
4.060000 0.139571
4.080000 0.137462
4.100000 0.135382
4.120000 0.133329
4.140000 0.131304
4.160000 0.129305
4.180000 0.127334
4.200000 0.125389
4.220000 0.123470
4.240000 0.121578
4.260000 0.119711
4.280000 0.117869
4.300000 0.116052
4.320000 0.114261
4.340000 0.112494
4.360000 0.110751
4.380000 0.109032
4.400000 0.107336
4.420000 0.105664
4.440000 0.104016
4.460000 0.102390
4.480000 0.100786
4.500000 0.099205
4.520000 0.097646
4.540000 0.096109
4.560000 0.094593
4.580000 0.093099
4.600000 0.091625
4.620000 0.090172
4.640000 0.088740
4.660000 0.087327
4.680000 0.085935
4.700000 0.084562
4.720000 0.083209
4.740000 0.081875
4.760000 0.080560
4.780000 0.079263
4.800000 0.077985
4.820000 0.076726
4.840000 0.075484
4.860000 0.074259
4.880000 0.073053
4.900000 0.071863
4.920000 0.070691
4.940000 0.069535
4.960000 0.068396
4.980000 0.067273
5.000000 0.066166
5.020000 0.065075
5.040000 0.064000
5.060000 0.062940
5.080000 0.061895
5.100000 0.060865
5.120000 0.059851
5.140000 0.058850
5.160000 0.057864
5.180000 0.056893
5.200000 0.055935
5.220000 0.054991
5.240000 0.054060
5.260000 0.053143
5.280000 0.052239
5.300000 0.051348
5.320000 0.050470
5.340000 0.049605
5.360000 0.048752
5.380000 0.047911
5.400000 0.047082
5.420000 0.046265
5.440000 0.045459
5.460000 0.044665
5.480000 0.043883
5.500000 0.043111
5.520000 0.042351
5.540000 0.041601
5.560000 0.040862
5.580000 0.040133
5.600000 0.039415
5.620000 0.038707
5.640000 0.038009
5.660000 0.037320
5.680000 0.036641
5.700000 0.035972
5.720000 0.035312
5.740000 0.034661
5.760000 0.034020
5.780000 0.033387
5.800000 0.032763
5.820000 0.032147
5.840000 0.031540
5.860000 0.030941
5.880000 0.030350
5.900000 0.029768
5.920000 0.029193
5.940000 0.028626
5.960000 0.028066
5.980000 0.027514
6.000000 0.026970
6.020000 0.026436
6.040000 0.025913
6.060000 0.025400
6.080000 0.024897
6.100000 0.024404
6.120000 0.023921
6.140000 0.023447
6.160000 0.022983
6.180000 0.022528
6.200000 0.022082
6.220000 0.021645
6.240000 0.021216
6.260000 0.020796
6.280000 0.020385
6.300000 0.019981
6.320000 0.019585
6.340000 0.019198
6.360000 0.018818
6.380000 0.018445
6.400000 0.018080
6.420000 0.017722
6.440000 0.017371
6.460000 0.017027
6.480000 0.016690
6.500000 0.016360
6.520000 0.016036
6.540000 0.015718
6.560000 0.015407
6.580000 0.015102
6.600000 0.014803
6.620000 0.014510
6.640000 0.014223
6.660000 0.013941
6.680000 0.013665
6.700000 0.013395
6.720000 0.013130
6.740000 0.012870
6.760000 0.012615
6.780000 0.012365
6.800000 0.012120
6.820000 0.011880
6.840000 0.011645
6.860000 0.011415
6.880000 0.011189
6.900000 0.010967
6.920000 0.010750
6.940000 0.010537
6.960000 0.010329
6.980000 0.010124
7.000000 0.009924
7.020000 0.009727
7.040000 0.009535
7.060000 0.009346
7.080000 0.009161
7.100000 0.008979
7.120000 0.008802
7.140000 0.008627
7.160000 0.008457
7.180000 0.008289
7.200000 0.008125
7.220000 0.007964
7.240000 0.007807
7.260000 0.007652
7.280000 0.007501
7.300000 0.007352
7.320000 0.007207
7.340000 0.007064
7.360000 0.006924
7.380000 0.006787
7.400000 0.006653
7.420000 0.006521
7.440000 0.006392
7.460000 0.006265
7.480000 0.006141
7.500000 0.006020
7.520000 0.005900
7.540000 0.005784
7.560000 0.005669
7.580000 0.005557
7.600000 0.005447
7.620000 0.005339
7.640000 0.005233
7.660000 0.005130
7.680000 0.005028
7.700000 0.004929
7.720000 0.004831
7.740000 0.004735
7.760000 0.004642
7.780000 0.004550
7.800000 0.004460
7.820000 0.004371
7.840000 0.004285
7.860000 0.004200
7.880000 0.004117
7.900000 0.004035
7.920000 0.003955
7.940000 0.003877
7.960000 0.003800
7.980000 0.003725
8.000000 0.003651
8.020000 0.003579
8.040000 0.003508
8.060000 0.003439
8.080000 0.003371
8.100000 0.003304
8.120000 0.003239
8.140000 0.003174
8.160000 0.003112
8.180000 0.003050
8.200000 0.002990
8.220000 0.002930
8.240000 0.002872
8.260000 0.002816
8.280000 0.002760
8.300000 0.002705
8.320000 0.002652
8.340000 0.002599
8.360000 0.002548
8.380000 0.002497
8.400000 0.002448
8.420000 0.002399
8.440000 0.002352
8.460000 0.002305
8.480000 0.002260
8.500000 0.002215
8.520000 0.002171
8.540000 0.002128
8.560000 0.002086
8.580000 0.002045
8.600000 0.002004
8.620000 0.001965
8.640000 0.001926
8.660000 0.001887
8.680000 0.001850
8.700000 0.001814
8.720000 0.001778
8.740000 0.001742
8.760000 0.001708
8.780000 0.001674
8.800000 0.001641
8.820000 0.001608
8.840000 0.001577
8.860000 0.001545
8.880000 0.001515
8.900000 0.001485
8.920000 0.001455
8.940000 0.001427
8.960000 0.001398
8.980000 0.001371
9.000000 0.001344
9.020000 0.001317
9.040000 0.001291
9.060000 0.001265
9.080000 0.001240
9.100000 0.001216
9.120000 0.001192
9.140000 0.001168
9.160000 0.001145
9.180000 0.001122
9.200000 0.001100
9.220000 0.001078
9.240000 0.001057
9.260000 0.001036
9.280000 0.001015
9.300000 0.000995
9.320000 0.000976
9.340000 0.000956
9.360000 0.000937
9.380000 0.000919
9.400000 0.000901
9.420000 0.000883
9.440000 0.000865
9.460000 0.000848
9.480000 0.000831
9.500000 0.000815
9.520000 0.000799
9.540000 0.000783
9.560000 0.000768
9.580000 0.000752
9.600000 0.000737
9.620000 0.000723
9.640000 0.000709
9.660000 0.000695
9.680000 0.000681
9.700000 0.000667
9.720000 0.000654
9.740000 0.000641
9.760000 0.000628
9.780000 0.000616
9.800000 0.000604
9.820000 0.000592
9.840000 0.000580
9.860000 0.000569
9.880000 0.000557
9.900000 0.000546
9.920000 0.000536
9.940000 0.000525
9.960000 0.000515
9.980000 0.000504
10.000000 0.000494
10.020000 0.000485
10.040000 0.000475
10.060000 0.000466
10.080000 0.000456
10.100000 0.000447
10.120000 0.000438
10.140000 0.000430
10.160000 0.000421
10.180000 0.000413
10.200000 0.000405
10.220000 0.000397
10.240000 0.000389
10.260000 0.000381
10.280000 0.000374
10.300000 0.000366
10.320000 0.000359
10.340000 0.000352
10.360000 0.000345
10.380000 0.000338
10.400000 0.000331
10.420000 0.000325
10.440000 0.000318
10.460000 0.000312
10.480000 0.000306
10.500000 0.000300
10.520000 0.000294
10.540000 0.000288
10.560000 0.000282
10.580000 0.000277
10.600000 0.000271
10.620000 0.000266
10.640000 0.000261
10.660000 0.000256
10.680000 0.000250
10.700000 0.000246
10.720000 0.000241
10.740000 0.000236
10.760000 0.000231
10.780000 0.000227
10.800000 0.000222
10.820000 0.000218
10.840000 0.000213
10.860000 0.000209
10.880000 0.000205
10.900000 0.000201
10.920000 0.000197
10.940000 0.000193
10.960000 0.000189
10.980000 0.000186
11.000000 0.000182
11.020000 0.000178
11.040000 0.000175
11.060000 0.000171
11.080000 0.000168
11.100000 0.000165
11.120000 0.000161
11.140000 0.000158
11.160000 0.000155
11.180000 0.000152
11.200000 0.000149
11.220000 0.000146
11.240000 0.000143
11.260000 0.000140
11.280000 0.000137
11.300000 0.000135
11.320000 0.000132
11.340000 0.000129
11.360000 0.000127
11.380000 0.000124
11.400000 0.000122
11.420000 0.000120
11.440000 0.000117
11.460000 0.000115
11.480000 0.000113
11.500000 0.000110
11.520000 0.000108
11.540000 0.000106
11.560000 0.000104
11.580000 0.000102
11.600000 0.000100
11.620000 0.000098
11.640000 0.000096
11.660000 0.000094
11.680000 0.000092
11.700000 0.000090
11.720000 0.000089
11.740000 0.000087
11.760000 0.000085
11.780000 0.000083
11.800000 0.000082
11.820000 0.000080
11.840000 0.000079
11.860000 0.000077
11.880000 0.000075
11.900000 0.000074
11.920000 0.000072
11.940000 0.000071
11.960000 0.000070
11.980000 0.000068
12.000000 0.000067
12.020000 0.000066
12.040000 0.000064
12.060000 0.000063
12.080000 0.000062
12.100000 0.000061
12.120000 0.000059
12.140000 0.000058
12.160000 0.000057
12.180000 0.000056
12.200000 0.000055
12.220000 0.000054
12.240000 0.000053
12.260000 0.000052
12.280000 0.000051
12.300000 0.000050
12.320000 0.000049
12.340000 0.000048
12.360000 0.000047
12.380000 0.000046
12.400000 0.000045
12.420000 0.000044
12.440000 0.000043
12.460000 0.000042
12.480000 0.000041
12.500000 0.000041
12.520000 0.000040
12.540000 0.000039
12.560000 0.000038
12.580000 0.000037
12.600000 0.000037
12.620000 0.000036
12.640000 0.000035
12.660000 0.000035
12.680000 0.000034
12.700000 0.000033
12.720000 0.000032
12.740000 0.000032
12.760000 0.000031
12.780000 0.000031
12.800000 0.000030
12.820000 0.000029
12.840000 0.000029
12.860000 0.000028
12.880000 0.000028
12.900000 0.000027
12.920000 0.000027
12.940000 0.000026
12.960000 0.000026
12.980000 0.000025
13.000000 0.000025
13.020000 0.000024
13.040000 0.000024
13.060000 0.000023
13.080000 0.000023
13.100000 0.000022
13.120000 0.000022
13.140000 0.000021
13.160000 0.000021
13.180000 0.000020
13.200000 0.000020
13.220000 0.000020
13.240000 0.000019
13.260000 0.000019
13.280000 0.000018
13.300000 0.000018
13.320000 0.000018
13.340000 0.000017
13.360000 0.000017
13.380000 0.000017
13.400000 0.000016
13.420000 0.000016
13.440000 0.000016
13.460000 0.000015
13.480000 0.000015
13.500000 0.000015
13.520000 0.000014
13.540000 0.000014
13.560000 0.000014
13.580000 0.000014
13.600000 0.000013
13.620000 0.000013
13.640000 0.000013
13.660000 0.000012
13.680000 0.000012
13.700000 0.000012
13.720000 0.000012
13.740000 0.000012
13.760000 0.000011
13.780000 0.000011
13.800000 0.000011
13.820000 0.000011
13.840000 0.000010
13.860000 0.000010
13.880000 0.000010
13.900000 0.000010
13.920000 0.000010
13.940000 0.000009
13.960000 0.000009
13.980000 0.000009
14.000000 0.000009
14.020000 0.000009
14.040000 0.000008
14.060000 0.000008
14.080000 0.000008
14.100000 0.000008
14.120000 0.000008
14.140000 0.000008
14.160000 0.000007
14.180000 0.000007
14.200000 0.000007
14.220000 0.000007
14.240000 0.000007
14.260000 0.000007
14.280000 0.000006
14.300000 0.000006
14.320000 0.000006
14.340000 0.000006
14.360000 0.000006
14.380000 0.000006
14.400000 0.000006
14.420000 0.000005
14.440000 0.000005
14.460000 0.000005
14.480000 0.000005
14.500000 0.000005
14.520000 0.000005
14.540000 0.000005
14.560000 0.000005
14.580000 0.000004
14.600000 0.000004
14.620000 0.000004
14.640000 0.000004
14.660000 0.000004
14.680000 0.000004
14.700000 0.000004
14.720000 0.000004
14.740000 0.000004
14.760000 0.000004
14.780000 0.000003
14.800000 0.000003
14.820000 0.000003
14.840000 0.000003
14.860000 0.000003
14.880000 0.000003
14.900000 0.000003
14.920000 0.000003
14.940000 0.000003
14.960000 0.000003
14.980000 0.000003
15.000000 0.000002
15.020000 0.000002
15.040000 0.000002
15.060000 0.000002
15.080000 0.000002
15.100000 0.000002
15.120000 0.000002
15.140000 0.000002
15.160000 0.000002
15.180000 0.000002
15.200000 0.000002
15.220000 0.000002
15.240000 0.000001
15.260000 0.000001
15.280000 0.000001
15.300000 0.000001
15.320000 0.000001
15.340000 0.000001
15.360000 0.000001
15.380000 0.000001
15.400000 0.000001
15.420000 0.000001
15.440000 0.000001
15.460000 0.000001
15.480000 0.000001
15.500000 0.000001
15.520000 0.000000
15.540000 0.000000
15.560000 0.000000
15.580000 0.000000
15.600000 0.000000
15.620000 0.000000
15.640000 0.000000
15.660000 0.000000
15.680000 -0.000000
15.700000 -0.000000
15.720000 -0.000000
15.740000 -0.000000
15.760000 -0.000000
15.780000 -0.000000
15.800000 -0.000000
15.820000 -0.000001
15.840000 -0.000001
15.860000 -0.000001
15.880000 -0.000001
15.900000 -0.000001
15.920000 -0.000001
15.940000 -0.000001
15.960000 -0.000001
15.980000 -0.000001
16.000000 -0.000001
16.020000 -0.000001
16.040000 -0.000001
16.060000 -0.000001
16.080000 -0.000001
16.100000 -0.000002
16.120000 -0.000002
16.140000 -0.000002
16.160000 -0.000002
16.180000 -0.000002
16.200000 -0.000002
16.220000 -0.000002
16.240000 -0.000002
16.260000 -0.000002
16.280000 -0.000002
16.300000 -0.000002
16.320000 -0.000002
16.340000 -0.000003
16.360000 -0.000003
16.380000 -0.000003
16.400000 -0.000003
16.420000 -0.000003
16.440000 -0.000003
16.460000 -0.000003
16.480000 -0.000003
16.500000 -0.000003
16.520000 -0.000003
16.540000 -0.000003
16.560000 -0.000004
16.580000 -0.000004
16.600000 -0.000004
16.620000 -0.000004
16.640000 -0.000004
16.660000 -0.000004
16.680000 -0.000004
16.700000 -0.000004
16.720000 -0.000004
16.740000 -0.000004
16.760000 -0.000005
16.780000 -0.000005
16.800000 -0.000005
16.820000 -0.000005
16.840000 -0.000005
16.860000 -0.000005
16.880000 -0.000005
16.900000 -0.000005
16.920000 -0.000006
16.940000 -0.000006
16.960000 -0.000006
16.980000 -0.000006
17.000000 -0.000006
17.020000 -0.000006
17.040000 -0.000006
17.060000 -0.000007
17.080000 -0.000007
17.100000 -0.000007
17.120000 -0.000007
17.140000 -0.000007
17.160000 -0.000007
17.180000 -0.000007
17.200000 -0.000008
17.220000 -0.000008
17.240000 -0.000008
17.260000 -0.000008
17.280000 -0.000008
17.300000 -0.000009
17.320000 -0.000009
17.340000 -0.000009
17.360000 -0.000009
17.380000 -0.000009
17.400000 -0.000009
17.420000 -0.000010
17.440000 -0.000010
17.460000 -0.000010
17.480000 -0.000010
17.500000 -0.000011
17.520000 -0.000011
17.540000 -0.000011
17.560000 -0.000011
17.580000 -0.000011
17.600000 -0.000012
17.620000 -0.000012
17.640000 -0.000012
17.660000 -0.000012
17.680000 -0.000013
17.700000 -0.000013
17.720000 -0.000013
17.740000 -0.000014
17.760000 -0.000014
17.780000 -0.000014
17.800000 -0.000014
17.820000 -0.000015
17.840000 -0.000015
17.860000 -0.000015
17.880000 -0.000016
17.900000 -0.000016
17.920000 -0.000016
17.940000 -0.000017
17.960000 -0.000017
17.980000 -0.000017
18.000000 -0.000018
18.020000 -0.000018
18.040000 -0.000018
18.060000 -0.000019
18.080000 -0.000019
18.100000 -0.000020
18.120000 -0.000020
18.140000 -0.000020
18.160000 -0.000021
18.180000 -0.000021
18.200000 -0.000022
18.220000 -0.000022
18.240000 -0.000022
18.260000 -0.000023
18.280000 -0.000023
18.300000 -0.000024
18.320000 -0.000024
18.340000 -0.000025
18.360000 -0.000025
18.380000 -0.000026
18.400000 -0.000026
18.420000 -0.000027
18.440000 -0.000028
18.460000 -0.000028
18.480000 -0.000029
18.500000 -0.000029
18.520000 -0.000030
18.540000 -0.000030
18.560000 -0.000031
18.580000 -0.000032
18.600000 -0.000032
18.620000 -0.000033
18.640000 -0.000034
18.660000 -0.000034
18.680000 -0.000035
18.700000 -0.000036
18.720000 -0.000036
18.740000 -0.000037
18.760000 -0.000038
18.780000 -0.000039
18.800000 -0.000040
18.820000 -0.000040
18.840000 -0.000041
18.860000 -0.000042
18.880000 -0.000043
18.900000 -0.000044
18.920000 -0.000045
18.940000 -0.000045
18.960000 -0.000046
18.980000 -0.000047
19.000000 -0.000048
19.020000 -0.000049
19.040000 -0.000050
19.060000 -0.000051
19.080000 -0.000052
19.100000 -0.000053
19.120000 -0.000054
19.140000 -0.000056
19.160000 -0.000057
19.180000 -0.000058
19.200000 -0.000059
19.220000 -0.000060
19.240000 -0.000061
19.260000 -0.000063
19.280000 -0.000064
19.300000 -0.000065
19.320000 -0.000067
19.340000 -0.000068
19.360000 -0.000069
19.380000 -0.000071
19.400000 -0.000072
19.420000 -0.000074
19.440000 -0.000075
19.460000 -0.000077
19.480000 -0.000078
19.500000 -0.000080
19.520000 -0.000081
19.540000 -0.000083
19.560000 -0.000085
19.580000 -0.000086
19.600000 -0.000088
19.620000 -0.000090
19.640000 -0.000092
19.660000 -0.000094
19.680000 -0.000095
19.700000 -0.000097
19.720000 -0.000099
19.740000 -0.000101
19.760000 -0.000103
19.780000 -0.000105
19.800000 -0.000108
19.820000 -0.000110
19.840000 -0.000112
19.860000 -0.000114
19.880000 -0.000117
19.900000 -0.000119
19.920000 -0.000121
19.940000 -0.000124
19.960000 -0.000126
19.980000 -0.000129
20.000000 -0.000131


-0.083882

0.000000 0.000000
0.020000 0.018948
0.040000 0.037204
0.060000 0.054719
0.080000 0.071507
0.100000 0.087585
0.120000 0.102969
0.140000 0.117672
0.160000 0.131712
0.180000 0.145101
0.200000 0.157856
0.220000 0.169989
0.240000 0.181516
0.260000 0.192450
0.280000 0.202804
0.300000 0.212593
0.320000 0.221829
0.340000 0.230526
0.360000 0.238695
0.380000 0.246350
0.400000 0.253503
0.420000 0.260166
0.440000 0.266350
0.460000 0.272069
0.480000 0.277332
0.500000 0.282152
0.520000 0.286539
0.540000 0.290505
0.560000 0.294060
0.580000 0.297214
0.600000 0.299978
0.620000 0.302363
0.640000 0.304377
0.660000 0.306032
0.680000 0.307336
0.700000 0.308299
0.720000 0.308931
0.740000 0.309240
0.760000 0.309235
0.780000 0.308926
0.800000 0.308320
0.820000 0.307427
0.840000 0.306255
0.860000 0.304811
0.880000 0.303104
0.900000 0.301142
0.920000 0.298933
0.940000 0.296484
0.960000 0.293802
0.980000 0.290895
1.000000 0.287770
1.020000 0.284435
1.040000 0.280895
1.060000 0.277158
1.080000 0.273230
1.100000 0.269119
1.120000 0.264829
1.140000 0.260369
1.160000 0.255743
1.180000 0.250957
1.200000 0.246019
1.220000 0.240933
1.240000 0.235705
1.260000 0.230341
1.280000 0.224846
1.300000 0.219226
1.320000 0.213485
1.340000 0.207629
1.360000 0.201664
1.380000 0.195593
1.400000 0.189422
1.420000 0.183155
1.440000 0.176798
1.460000 0.170354
1.480000 0.163828
1.500000 0.157225
1.520000 0.150548
1.540000 0.143803
1.560000 0.136992
1.580000 0.130120
1.600000 0.123191
1.620000 0.116208
1.640000 0.109176
1.660000 0.102099
1.680000 0.094978
1.700000 0.087819
1.720000 0.080624
1.740000 0.073398
1.760000 0.066142
1.780000 0.058861
1.800000 0.051557
1.820000 0.044234
1.840000 0.036895
1.860000 0.029542
1.880000 0.022178
1.900000 0.014806
1.920000 0.007429
1.940000 0.000049
1.960000 -0.007331
1.980000 -0.014708
2.000000 -0.022080
2.020000 -0.029445
2.040000 -0.036800
2.060000 -0.044144
2.080000 -0.051473
2.100000 -0.058786
2.120000 -0.066080
2.140000 -0.073354
2.160000 -0.080605
2.180000 -0.087832
2.200000 -0.095033
2.220000 -0.102205
2.240000 -0.109347
2.260000 -0.116458
2.280000 -0.123535
2.300000 -0.130578
2.320000 -0.137583
2.340000 -0.144551
2.360000 -0.151478
2.380000 -0.158365
2.400000 -0.165209
2.420000 -0.172009
2.440000 -0.178763
2.460000 -0.185471
2.480000 -0.192131
2.500000 -0.198742
2.520000 -0.205303
2.540000 -0.211813
2.560000 -0.218270
2.580000 -0.224673
2.600000 -0.231022
2.620000 -0.237315
2.640000 -0.243551
2.660000 -0.249731
2.680000 -0.255851
2.700000 -0.261913
2.720000 -0.267915
2.740000 -0.273856
2.760000 -0.279735
2.780000 -0.285552
2.800000 -0.291306
2.820000 -0.296996
2.840000 -0.302622
2.860000 -0.308183
2.880000 -0.313678
2.900000 -0.319107
2.920000 -0.324470
2.940000 -0.329766
2.960000 -0.334994
2.980000 -0.340154
3.000000 -0.345245
3.020000 -0.350268
3.040000 -0.355221
3.060000 -0.360105
3.080000 -0.364919
3.100000 -0.369662
3.120000 -0.374335
3.140000 -0.378937
3.160000 -0.383468
3.180000 -0.387927
3.200000 -0.392315
3.220000 -0.396631
3.240000 -0.400875
3.260000 -0.405048
3.280000 -0.409147
3.300000 -0.413175
3.320000 -0.417130
3.340000 -0.421013
3.360000 -0.424823
3.380000 -0.428560
3.400000 -0.432225
3.420000 -0.435817
3.440000 -0.439337
3.460000 -0.442783
3.480000 -0.446157
3.500000 -0.449459
3.520000 -0.452688
3.540000 -0.455844
3.560000 -0.458928
3.580000 -0.461939
3.600000 -0.464879
3.620000 -0.467746
3.640000 -0.470541
3.660000 -0.473265
3.680000 -0.475916
3.700000 -0.478497
3.720000 -0.481005
3.740000 -0.483443
3.760000 -0.485810
3.780000 -0.488106
3.800000 -0.490331
3.820000 -0.492486
3.840000 -0.494571
3.860000 -0.496586
3.880000 -0.498532
3.900000 -0.500408
3.920000 -0.502215
3.940000 -0.503954
3.960000 -0.505624
3.980000 -0.507225
4.000000 -0.508759
4.020000 -0.510225
4.040000 -0.511624
4.060000 -0.512956
4.080000 -0.514221
4.100000 -0.515420
4.120000 -0.516553
4.140000 -0.517620
4.160000 -0.518622
4.180000 -0.519559
4.200000 -0.520431
4.220000 -0.521240
4.240000 -0.521984
4.260000 -0.522665
4.280000 -0.523283
4.300000 -0.523838
4.320000 -0.524331
4.340000 -0.524762
4.360000 -0.525131
4.380000 -0.525440
4.400000 -0.525687
4.420000 -0.525875
4.440000 -0.526002
4.460000 -0.526070
4.480000 -0.526079
4.500000 -0.526029
4.520000 -0.525921
4.540000 -0.525756
4.560000 -0.525532
4.580000 -0.525252
4.600000 -0.524916
4.620000 -0.524523
4.640000 -0.524075
4.660000 -0.523572
4.680000 -0.523013
4.700000 -0.522401
4.720000 -0.521735
4.740000 -0.521015
4.760000 -0.520242
4.780000 -0.519417
4.800000 -0.518540
4.820000 -0.517611
4.840000 -0.516630
4.860000 -0.515600
4.880000 -0.514518
4.900000 -0.513388
4.920000 -0.512207
4.940000 -0.510978
4.960000 -0.509700
4.980000 -0.508375
5.000000 -0.507001
5.020000 -0.505581
5.040000 -0.504114
5.060000 -0.502601
5.080000 -0.501042
5.100000 -0.499438
5.120000 -0.497789
5.140000 -0.496095
5.160000 -0.494358
5.180000 -0.492577
5.200000 -0.490753
5.220000 -0.488887
5.240000 -0.486978
5.260000 -0.485028
5.280000 -0.483037
5.300000 -0.481005
5.320000 -0.478932
5.340000 -0.476820
5.360000 -0.474668
5.380000 -0.472477
5.400000 -0.470248
5.420000 -0.467981
5.440000 -0.465675
5.460000 -0.463333
5.480000 -0.460954
5.500000 -0.458538
5.520000 -0.456087
5.540000 -0.453600
5.560000 -0.451078
5.580000 -0.448521
5.600000 -0.445931
5.620000 -0.443306
5.640000 -0.440648
5.660000 -0.437957
5.680000 -0.435234
5.700000 -0.432478
5.720000 -0.429691
5.740000 -0.426872
5.760000 -0.424023
5.780000 -0.421143
5.800000 -0.418234
5.820000 -0.415294
5.840000 -0.412326
5.860000 -0.409328
5.880000 -0.406302
5.900000 -0.403249
5.920000 -0.400167
5.940000 -0.397058
5.960000 -0.393923
5.980000 -0.390761
6.000000 -0.387577
6.020000 -0.384415
6.040000 -0.381279
6.060000 -0.378168
6.080000 -0.375083
6.100000 -0.372023
6.120000 -0.368988
6.140000 -0.365977
6.160000 -0.362991
6.180000 -0.360030
6.200000 -0.357093
6.220000 -0.354179
6.240000 -0.351290
6.260000 -0.348424
6.280000 -0.345581
6.300000 -0.342762
6.320000 -0.339965
6.340000 -0.337191
6.360000 -0.334440
6.380000 -0.331712
6.400000 -0.329006
6.420000 -0.326321
6.440000 -0.323659
6.460000 -0.321018
6.480000 -0.318399
6.500000 -0.315802
6.520000 -0.313225
6.540000 -0.310670
6.560000 -0.308135
6.580000 -0.305621
6.600000 -0.303128
6.620000 -0.300655
6.640000 -0.298202
6.660000 -0.295769
6.680000 -0.293356
6.700000 -0.290962
6.720000 -0.288588
6.740000 -0.286234
6.760000 -0.283899
6.780000 -0.281582
6.800000 -0.279285
6.820000 -0.277006
6.840000 -0.274746
6.860000 -0.272505
6.880000 -0.270282
6.900000 -0.268076
6.920000 -0.265889
6.940000 -0.263720
6.960000 -0.261568
6.980000 -0.259434
7.000000 -0.257318
7.020000 -0.255218
7.040000 -0.253136
7.060000 -0.251071
7.080000 -0.249022
7.100000 -0.246991
7.120000 -0.244975
7.140000 -0.242977
7.160000 -0.240994
7.180000 -0.239028
7.200000 -0.237078
7.220000 -0.235144
7.240000 -0.233225
7.260000 -0.231322
7.280000 -0.229435
7.300000 -0.227563
7.320000 -0.225706
7.340000 -0.223865
7.360000 -0.222038
7.380000 -0.220227
7.400000 -0.218430
7.420000 -0.216648
7.440000 -0.214880
7.460000 -0.213127
7.480000 -0.211388
7.500000 -0.209664
7.520000 -0.207953
7.540000 -0.206256
7.560000 -0.204573
7.580000 -0.202904
7.600000 -0.201249
7.620000 -0.199607
7.640000 -0.197978
7.660000 -0.196363
7.680000 -0.194761
7.700000 -0.193172
7.720000 -0.191596
7.740000 -0.190032
7.760000 -0.188482
7.780000 -0.186944
7.800000 -0.185419
7.820000 -0.183906
7.840000 -0.182405
7.860000 -0.180917
7.880000 -0.179441
7.900000 -0.177977
7.920000 -0.176525
7.940000 -0.175084
7.960000 -0.173656
7.980000 -0.172239
8.000000 -0.170834
8.020000 -0.169440
8.040000 -0.168057
8.060000 -0.166686
8.080000 -0.165326
8.100000 -0.163977
8.120000 -0.162639
8.140000 -0.161312
8.160000 -0.159996
8.180000 -0.158690
8.200000 -0.157396
8.220000 -0.156111
8.240000 -0.154838
8.260000 -0.153574
8.280000 -0.152321
8.300000 -0.151078
8.320000 -0.149846
8.340000 -0.148623
8.360000 -0.147410
8.380000 -0.146207
8.400000 -0.145014
8.420000 -0.143831
8.440000 -0.142658
8.460000 -0.141494
8.480000 -0.140339
8.500000 -0.139194
8.520000 -0.138058
8.540000 -0.136932
8.560000 -0.135814
8.580000 -0.134706
8.600000 -0.133607
8.620000 -0.132517
8.640000 -0.131435
8.660000 -0.130363
8.680000 -0.129299
8.700000 -0.128244
8.720000 -0.127198
8.740000 -0.126160
8.760000 -0.125130
8.780000 -0.124109
8.800000 -0.123096
8.820000 -0.122092
8.840000 -0.121096
8.860000 -0.120108
8.880000 -0.119127
8.900000 -0.118155
8.920000 -0.117191
8.940000 -0.116235
8.960000 -0.115286
8.980000 -0.114346
9.000000 -0.113413
9.020000 -0.112487
9.040000 -0.111569
9.060000 -0.110659
9.080000 -0.109756
9.100000 -0.108860
9.120000 -0.107972
9.140000 -0.107090
9.160000 -0.106217
9.180000 -0.105350
9.200000 -0.104490
9.220000 -0.103637
9.240000 -0.102792
9.260000 -0.101953
9.280000 -0.101121
9.300000 -0.100295
9.320000 -0.099477
9.340000 -0.098665
9.360000 -0.097860
9.380000 -0.097061
9.400000 -0.096269
9.420000 -0.095484
9.440000 -0.094704
9.460000 -0.093931
9.480000 -0.093165
9.500000 -0.092404
9.520000 -0.091650
9.540000 -0.090902
9.560000 -0.090160
9.580000 -0.089425
9.600000 -0.088695
9.620000 -0.087971
9.640000 -0.087253
9.660000 -0.086541
9.680000 -0.085834
9.700000 -0.085134
9.720000 -0.084439
9.740000 -0.083750
9.760000 -0.083066
9.780000 -0.082388
9.800000 -0.081716
9.820000 -0.081049
9.840000 -0.080387
9.860000 -0.079731
9.880000 -0.079080
9.900000 -0.078435
9.920000 -0.077795
9.940000 -0.077160
9.960000 -0.076530
9.980000 -0.075905
10.000000 -0.075285
10.020000 -0.074671
10.040000 -0.074061
10.060000 -0.073457
10.080000 -0.072857
10.100000 -0.072262
10.120000 -0.071672
10.140000 -0.071087
10.160000 -0.070507
10.180000 -0.069931
10.200000 -0.069361
10.220000 -0.068794
10.240000 -0.068233
10.260000 -0.067676
10.280000 -0.067123
10.300000 -0.066575
10.320000 -0.066032
10.340000 -0.065493
10.360000 -0.064958
10.380000 -0.064428
10.400000 -0.063901
10.420000 -0.063380
10.440000 -0.062862
10.460000 -0.062349
10.480000 -0.061840
10.500000 -0.061335
10.520000 -0.060834
10.540000 -0.060337
10.560000 -0.059845
10.580000 -0.059356
10.600000 -0.058871
10.620000 -0.058391
10.640000 -0.057914
10.660000 -0.057441
10.680000 -0.056972
10.700000 -0.056507
10.720000 -0.056045
10.740000 -0.055587
10.760000 -0.055134
10.780000 -0.054683
10.800000 -0.054237
10.820000 -0.053794
10.840000 -0.053354
10.860000 -0.052919
10.880000 -0.052486
10.900000 -0.052058
10.920000 -0.051632
10.940000 -0.051211
10.960000 -0.050792
10.980000 -0.050378
11.000000 -0.049966
11.020000 -0.049558
11.040000 -0.049153
11.060000 -0.048752
11.080000 -0.048353
11.100000 -0.047958
11.120000 -0.047566
11.140000 -0.047178
11.160000 -0.046792
11.180000 -0.046410
11.200000 -0.046031
11.220000 -0.045655
11.240000 -0.045282
11.260000 -0.044912
11.280000 -0.044545
11.300000 -0.044181
11.320000 -0.043820
11.340000 -0.043462
11.360000 -0.043107
11.380000 -0.042754
11.400000 -0.042405
11.420000 -0.042058
11.440000 -0.041715
11.460000 -0.041374
11.480000 -0.041035
11.500000 -0.040700
11.520000 -0.040367
11.540000 -0.040037
11.560000 -0.039710
11.580000 -0.039386
11.600000 -0.039064
11.620000 -0.038744
11.640000 -0.038427
11.660000 -0.038113
11.680000 -0.037802
11.700000 -0.037493
11.720000 -0.037186
11.740000 -0.036882
11.760000 -0.036580
11.780000 -0.036281
11.800000 -0.035985
11.820000 -0.035690
11.840000 -0.035398
11.860000 -0.035109
11.880000 -0.034822
11.900000 -0.034537
11.920000 -0.034254
11.940000 -0.033974
11.960000 -0.033696
11.980000 -0.033421
12.000000 -0.033147
12.020000 -0.032876
12.040000 -0.032607
12.060000 -0.032340
12.080000 -0.032075
12.100000 -0.031813
12.120000 -0.031553
12.140000 -0.031294
12.160000 -0.031038
12.180000 -0.030784
12.200000 -0.030532
12.220000 -0.030282
12.240000 -0.030034
12.260000 -0.029788
12.280000 -0.029545
12.300000 -0.029303
12.320000 -0.029063
12.340000 -0.028825
12.360000 -0.028589
12.380000 -0.028355
12.400000 -0.028122
12.420000 -0.027892
12.440000 -0.027664
12.460000 -0.027437
12.480000 -0.027212
12.500000 -0.026989
12.520000 -0.026768
12.540000 -0.026549
12.560000 -0.026331
12.580000 -0.026115
12.600000 -0.025901
12.620000 -0.025689
12.640000 -0.025478
12.660000 -0.025270
12.680000 -0.025062
12.700000 -0.024857
12.720000 -0.024653
12.740000 -0.024451
12.760000 -0.024250
12.780000 -0.024051
12.800000 -0.023854
12.820000 -0.023658
12.840000 -0.023464
12.860000 -0.023272
12.880000 -0.023081
12.900000 -0.022891
12.920000 -0.022704
12.940000 -0.022517
12.960000 -0.022332
12.980000 -0.022149
13.000000 -0.021967
13.020000 -0.021787
13.040000 -0.021608
13.060000 -0.021430
13.080000 -0.021254
13.100000 -0.021080
13.120000 -0.020907
13.140000 -0.020735
13.160000 -0.020564
13.180000 -0.020395
13.200000 -0.020228
13.220000 -0.020061
13.240000 -0.019896
13.260000 -0.019733
13.280000 -0.019571
13.300000 -0.019410
13.320000 -0.019250
13.340000 -0.019092
13.360000 -0.018934
13.380000 -0.018779
13.400000 -0.018624
13.420000 -0.018471
13.440000 -0.018319
13.460000 -0.018168
13.480000 -0.018018
13.500000 -0.017870
13.520000 -0.017723
13.540000 -0.017577
13.560000 -0.017432
13.580000 -0.017288
13.600000 -0.017145
13.620000 -0.017004
13.640000 -0.016864
13.660000 -0.016725
13.680000 -0.016587
13.700000 -0.016450
13.720000 -0.016314
13.740000 -0.016179
13.760000 -0.016046
13.780000 -0.015913
13.800000 -0.015782
13.820000 -0.015652
13.840000 -0.015522
13.860000 -0.015394
13.880000 -0.015267
13.900000 -0.015140
13.920000 -0.015015
13.940000 -0.014891
13.960000 -0.014768
13.980000 -0.014646
14.000000 -0.014524
14.020000 -0.014404
14.040000 -0.014285
14.060000 -0.014167
14.080000 -0.014049
14.100000 -0.013933
14.120000 -0.013817
14.140000 -0.013703
14.160000 -0.013589
14.180000 -0.013476
14.200000 -0.013364
14.220000 -0.013253
14.240000 -0.013143
14.260000 -0.013034
14.280000 -0.012926
14.300000 -0.012819
14.320000 -0.012712
14.340000 -0.012606
14.360000 -0.012501
14.380000 -0.012397
14.400000 -0.012294
14.420000 -0.012192
14.440000 -0.012090
14.460000 -0.011989
14.480000 -0.011890
14.500000 -0.011790
14.520000 -0.011692
14.540000 -0.011594
14.560000 -0.011498
14.580000 -0.011402
14.600000 -0.011306
14.620000 -0.011212
14.640000 -0.011118
14.660000 -0.011025
14.680000 -0.010933
14.700000 -0.010841
14.720000 -0.010751
14.740000 -0.010661
14.760000 -0.010571
14.780000 -0.010483
14.800000 -0.010395
14.820000 -0.010307
14.840000 -0.010221
14.860000 -0.010135
14.880000 -0.010050
14.900000 -0.009965
14.920000 -0.009881
14.940000 -0.009798
14.960000 -0.009716
14.980000 -0.009634
15.000000 -0.009553
15.020000 -0.009472
15.040000 -0.009392
15.060000 -0.009313
15.080000 -0.009234
15.100000 -0.009156
15.120000 -0.009079
15.140000 -0.009002
15.160000 -0.008925
15.180000 -0.008850
15.200000 -0.008775
15.220000 -0.008700
15.240000 -0.008626
15.260000 -0.008553
15.280000 -0.008480
15.300000 -0.008408
15.320000 -0.008337
15.340000 -0.008266
15.360000 -0.008195
15.380000 -0.008125
15.400000 -0.008056
15.420000 -0.007987
15.440000 -0.007919
15.460000 -0.007851
15.480000 -0.007784
15.500000 -0.007717
15.520000 -0.007651
15.540000 -0.007585
15.560000 -0.007520
15.580000 -0.007455
15.600000 -0.007391
15.620000 -0.007327
15.640000 -0.007264
15.660000 -0.007201
15.680000 -0.007139
15.700000 -0.007077
15.720000 -0.007016
15.740000 -0.006955
15.760000 -0.006895
15.780000 -0.006835
15.800000 -0.006776
15.820000 -0.006717
15.840000 -0.006658
15.860000 -0.006600
15.880000 -0.006543
15.900000 -0.006485
15.920000 -0.006429
15.940000 -0.006372
15.960000 -0.006316
15.980000 -0.006261
16.000000 -0.006206
16.020000 -0.006151
16.040000 -0.006097
16.060000 -0.006043
16.080000 -0.005990
16.100000 -0.005937
16.120000 -0.005884
16.140000 -0.005832
16.160000 -0.005780
16.180000 -0.005729
16.200000 -0.005678
16.220000 -0.005627
16.240000 -0.005577
16.260000 -0.005527
16.280000 -0.005477
16.300000 -0.005428
16.320000 -0.005379
16.340000 -0.005331
16.360000 -0.005283
16.380000 -0.005235
16.400000 -0.005188
16.420000 -0.005141
16.440000 -0.005094
16.460000 -0.005048
16.480000 -0.005002
16.500000 -0.004956
16.520000 -0.004911
16.540000 -0.004866
16.560000 -0.004821
16.580000 -0.004777
16.600000 -0.004733
16.620000 -0.004689
16.640000 -0.004646
16.660000 -0.004603
16.680000 -0.004560
16.700000 -0.004517
16.720000 -0.004475
16.740000 -0.004433
16.760000 -0.004392
16.780000 -0.004350
16.800000 -0.004309
16.820000 -0.004269
16.840000 -0.004228
16.860000 -0.004188
16.880000 -0.004148
16.900000 -0.004109
16.920000 -0.004069
16.940000 -0.004030
16.960000 -0.003992
16.980000 -0.003953
17.000000 -0.003915
17.020000 -0.003877
17.040000 -0.003839
17.060000 -0.003802
17.080000 -0.003765
17.100000 -0.003728
17.120000 -0.003691
17.140000 -0.003655
17.160000 -0.003618
17.180000 -0.003583
17.200000 -0.003547
17.220000 -0.003511
17.240000 -0.003476
17.260000 -0.003441
17.280000 -0.003406
17.300000 -0.003372
17.320000 -0.003338
17.340000 -0.003303
17.360000 -0.003270
17.380000 -0.003236
17.400000 -0.003203
17.420000 -0.003169
17.440000 -0.003136
17.460000 -0.003104
17.480000 -0.003071
17.500000 -0.003039
17.520000 -0.003006
17.540000 -0.002974
17.560000 -0.002943
17.580000 -0.002911
17.600000 -0.002880
17.620000 -0.002849
17.640000 -0.002818
17.660000 -0.002787
17.680000 -0.002756
17.700000 -0.002726
17.720000 -0.002695
17.740000 -0.002665
17.760000 -0.002635
17.780000 -0.002606
17.800000 -0.002576
17.820000 -0.002547
17.840000 -0.002518
17.860000 -0.002489
17.880000 -0.002460
17.900000 -0.002431
17.920000 -0.002403
17.940000 -0.002374
17.960000 -0.002346
17.980000 -0.002318
18.000000 -0.002290
18.020000 -0.002262
18.040000 -0.002235
18.060000 -0.002207
18.080000 -0.002180
18.100000 -0.002153
18.120000 -0.002126
18.140000 -0.002099
18.160000 -0.002072
18.180000 -0.002046
18.200000 -0.002019
18.220000 -0.001993
18.240000 -0.001967
18.260000 -0.001941
18.280000 -0.001915
18.300000 -0.001889
18.320000 -0.001863
18.340000 -0.001838
18.360000 -0.001812
18.380000 -0.001787
18.400000 -0.001762
18.420000 -0.001737
18.440000 -0.001712
18.460000 -0.001687
18.480000 -0.001662
18.500000 -0.001638
18.520000 -0.001613
18.540000 -0.001589
18.560000 -0.001565
18.580000 -0.001541
18.600000 -0.001517
18.620000 -0.001493
18.640000 -0.001469
18.660000 -0.001445
18.680000 -0.001421
18.700000 -0.001398
18.720000 -0.001374
18.740000 -0.001351
18.760000 -0.001328
18.780000 -0.001304
18.800000 -0.001281
18.820000 -0.001258
18.840000 -0.001235
18.860000 -0.001213
18.880000 -0.001190
18.900000 -0.001167
18.920000 -0.001144
18.940000 -0.001122
18.960000 -0.001099
18.980000 -0.001077
19.000000 -0.001055
19.020000 -0.001032
19.040000 -0.001010
19.060000 -0.000988
19.080000 -0.000966
19.100000 -0.000944
19.120000 -0.000922
19.140000 -0.000900
19.160000 -0.000879
19.180000 -0.000857
19.200000 -0.000835
19.220000 -0.000814
19.240000 -0.000792
19.260000 -0.000770
19.280000 -0.000749
19.300000 -0.000728
19.320000 -0.000706
19.340000 -0.000685
19.360000 -0.000664
19.380000 -0.000642
19.400000 -0.000621
19.420000 -0.000600
19.440000 -0.000579
19.460000 -0.000558
19.480000 -0.000537
19.500000 -0.000516
19.520000 -0.000495
19.540000 -0.000474
19.560000 -0.000453
19.580000 -0.000432
19.600000 -0.000411
19.620000 -0.000391
19.640000 -0.000370
19.660000 -0.000349
19.680000 -0.000328
19.700000 -0.000308
19.720000 -0.000287
19.740000 -0.000266
19.760000 -0.000246
19.780000 -0.000225
19.800000 -0.000204
19.820000 -0.000184
19.840000 -0.000163
19.860000 -0.000143
19.880000 -0.000122
19.900000 -0.000102
19.920000 -0.000081
19.940000 -0.000060
19.960000 -0.000040
19.980000 -0.000019
20.000000 0.000001


0.024717

0.000000 0.000000
0.020000 0.005120
0.040000 0.010052
0.060000 0.014784
0.080000 0.019318
0.100000 0.023658
0.120000 0.027808
0.140000 0.031773
0.160000 0.035555
0.180000 0.039159
0.200000 0.042588
0.220000 0.045846
0.240000 0.048937
0.260000 0.051863
0.280000 0.054628
0.300000 0.057237
0.320000 0.059691
0.340000 0.061996
0.360000 0.064153
0.380000 0.066166
0.400000 0.068039
0.420000 0.069774
0.440000 0.071375
0.460000 0.072845
0.480000 0.074186
0.500000 0.075403
0.520000 0.076497
0.540000 0.077473
0.560000 0.078332
0.580000 0.079077
0.600000 0.079712
0.620000 0.080239
0.640000 0.080661
0.660000 0.080980
0.680000 0.081200
0.700000 0.081322
0.720000 0.081350
0.740000 0.081286
0.760000 0.081132
0.780000 0.080892
0.800000 0.080567
0.820000 0.080159
0.840000 0.079672
0.860000 0.079108
0.880000 0.078468
0.900000 0.077756
0.920000 0.076972
0.940000 0.076121
0.960000 0.075203
0.980000 0.074220
1.000000 0.073176
1.020000 0.072072
1.040000 0.070910
1.060000 0.069692
1.080000 0.068420
1.100000 0.067096
1.120000 0.065721
1.140000 0.064299
1.160000 0.062830
1.180000 0.061317
1.200000 0.059760
1.220000 0.058163
1.240000 0.056526
1.260000 0.054852
1.280000 0.053142
1.300000 0.051398
1.320000 0.049621
1.340000 0.047813
1.360000 0.045975
1.380000 0.044110
1.400000 0.042218
1.420000 0.040301
1.440000 0.038361
1.460000 0.036398
1.480000 0.034415
1.500000 0.032413
1.520000 0.030392
1.540000 0.028355
1.560000 0.026303
1.580000 0.024237
1.600000 0.022158
1.620000 0.020067
1.640000 0.017967
1.660000 0.015857
1.680000 0.013739
1.700000 0.011614
1.720000 0.009484
1.740000 0.007349
1.760000 0.005210
1.780000 0.003069
1.800000 0.000926
1.820000 -0.001216
1.840000 -0.003359
1.860000 -0.005500
1.880000 -0.007638
1.900000 -0.009773
1.920000 -0.011903
1.940000 -0.014029
1.960000 -0.016148
1.980000 -0.018261
2.000000 -0.020366
2.020000 -0.022462
2.040000 -0.024549
2.060000 -0.026625
2.080000 -0.028691
2.100000 -0.030745
2.120000 -0.032787
2.140000 -0.034816
2.160000 -0.036832
2.180000 -0.038832
2.200000 -0.040818
2.220000 -0.042788
2.240000 -0.044742
2.260000 -0.046679
2.280000 -0.048599
2.300000 -0.050501
2.320000 -0.052384
2.340000 -0.054248
2.360000 -0.056092
2.380000 -0.057916
2.400000 -0.059720
2.420000 -0.061502
2.440000 -0.063263
2.460000 -0.065002
2.480000 -0.066719
2.500000 -0.068413
2.520000 -0.070083
2.540000 -0.071730
2.560000 -0.073353
2.580000 -0.074951
2.600000 -0.076525
2.620000 -0.078074
2.640000 -0.079597
2.660000 -0.081094
2.680000 -0.082566
2.700000 -0.084011
2.720000 -0.085430
2.740000 -0.086822
2.760000 -0.088187
2.780000 -0.089525
2.800000 -0.090835
2.820000 -0.092117
2.840000 -0.093371
2.860000 -0.094598
2.880000 -0.095795
2.900000 -0.096965
2.920000 -0.098106
2.940000 -0.099217
2.960000 -0.100300
2.980000 -0.101354
3.000000 -0.102379
3.020000 -0.103374
3.040000 -0.104340
3.060000 -0.105276
3.080000 -0.106183
3.100000 -0.107060
3.120000 -0.107908
3.140000 -0.108725
3.160000 -0.109513
3.180000 -0.110271
3.200000 -0.110998
3.220000 -0.111696
3.240000 -0.112364
3.260000 -0.113002
3.280000 -0.113610
3.300000 -0.114188
3.320000 -0.114737
3.340000 -0.115255
3.360000 -0.115743
3.380000 -0.116202
3.400000 -0.116630
3.420000 -0.117029
3.440000 -0.117399
3.460000 -0.117738
3.480000 -0.118048
3.500000 -0.118329
3.520000 -0.118580
3.540000 -0.118802
3.560000 -0.118995
3.580000 -0.119158
3.600000 -0.119293
3.620000 -0.119399
3.640000 -0.119476
3.660000 -0.119524
3.680000 -0.119544
3.700000 -0.119536
3.720000 -0.119499
3.740000 -0.119435
3.760000 -0.119342
3.780000 -0.119222
3.800000 -0.119074
3.820000 -0.118898
3.840000 -0.118696
3.860000 -0.118466
3.880000 -0.118210
3.900000 -0.117926
3.920000 -0.117616
3.940000 -0.117280
3.960000 -0.116918
3.980000 -0.116530
4.000000 -0.116116
4.020000 -0.115676
4.040000 -0.115212
4.060000 -0.114722
4.080000 -0.114207
4.100000 -0.113668
4.120000 -0.113104
4.140000 -0.112516
4.160000 -0.111904
4.180000 -0.111268
4.200000 -0.110609
4.220000 -0.109927
4.240000 -0.109221
4.260000 -0.108493
4.280000 -0.107742
4.300000 -0.106969
4.320000 -0.106174
4.340000 -0.105357
4.360000 -0.104519
4.380000 -0.103660
4.400000 -0.102779
4.420000 -0.101878
4.440000 -0.100956
4.460000 -0.100014
4.480000 -0.099052
4.500000 -0.098071
4.520000 -0.097070
4.540000 -0.096050
4.560000 -0.095012
4.580000 -0.093954
4.600000 -0.092879
4.620000 -0.091785
4.640000 -0.090674
4.660000 -0.089545
4.680000 -0.088399
4.700000 -0.087237
4.720000 -0.086057
4.740000 -0.084862
4.760000 -0.083650
4.780000 -0.082423
4.800000 -0.081180
4.820000 -0.079923
4.840000 -0.078650
4.860000 -0.077363
4.880000 -0.076061
4.900000 -0.074746
4.920000 -0.073417
4.940000 -0.072074
4.960000 -0.070718
4.980000 -0.069350
5.000000 -0.067969
5.020000 -0.066576
5.040000 -0.065171
5.060000 -0.063754
5.080000 -0.062326
5.100000 -0.060887
5.120000 -0.059437
5.140000 -0.057977
5.160000 -0.056506
5.180000 -0.055026
5.200000 -0.053536
5.220000 -0.052037
5.240000 -0.050528
5.260000 -0.049011
5.280000 -0.047486
5.300000 -0.045952
5.320000 -0.044411
5.340000 -0.042862
5.360000 -0.041306
5.380000 -0.039743
5.400000 -0.038173
5.420000 -0.036597
5.440000 -0.035014
5.460000 -0.033426
5.480000 -0.031832
5.500000 -0.030233
5.520000 -0.028629
5.540000 -0.027020
5.560000 -0.025407
5.580000 -0.023790
5.600000 -0.022168
5.620000 -0.020543
5.640000 -0.018915
5.660000 -0.017284
5.680000 -0.015650
5.700000 -0.014013
5.720000 -0.012374
5.740000 -0.010734
5.760000 -0.009091
5.780000 -0.007447
5.800000 -0.005802
5.820000 -0.004156
5.840000 -0.002509
5.860000 -0.000862
5.880000 0.000785
5.900000 0.002432
5.920000 0.004079
5.940000 0.005725
5.960000 0.007370
5.980000 0.009014
6.000000 0.010657
6.020000 0.012299
6.040000 0.013942
6.060000 0.015584
6.080000 0.017225
6.100000 0.018866
6.120000 0.020507
6.140000 0.022148
6.160000 0.023788
6.180000 0.025428
6.200000 0.027067
6.220000 0.028705
6.240000 0.030343
6.260000 0.031981
6.280000 0.033618
6.300000 0.035254
6.320000 0.036889
6.340000 0.038524
6.360000 0.040158
6.380000 0.041791
6.400000 0.043423
6.420000 0.045055
6.440000 0.046685
6.460000 0.048315
6.480000 0.049944
6.500000 0.051571
6.520000 0.053198
6.540000 0.054824
6.560000 0.056448
6.580000 0.058072
6.600000 0.059694
6.620000 0.061315
6.640000 0.062935
6.660000 0.064554
6.680000 0.066171
6.700000 0.067787
6.720000 0.069402
6.740000 0.071015
6.760000 0.072627
6.780000 0.074238
6.800000 0.075847
6.820000 0.077454
6.840000 0.079060
6.860000 0.080665
6.880000 0.082268
6.900000 0.083869
6.920000 0.085468
6.940000 0.087066
6.960000 0.088662
6.980000 0.090257
7.000000 0.091849
7.020000 0.093440
7.040000 0.095029
7.060000 0.096616
7.080000 0.098201
7.100000 0.099785
7.120000 0.101366
7.140000 0.102945
7.160000 0.104522
7.180000 0.106097
7.200000 0.107670
7.220000 0.109241
7.240000 0.110810
7.260000 0.112377
7.280000 0.113941
7.300000 0.115503
7.320000 0.117063
7.340000 0.118620
7.360000 0.120176
7.380000 0.121728
7.400000 0.123279
7.420000 0.124827
7.440000 0.126372
7.460000 0.127915
7.480000 0.129455
7.500000 0.130993
7.520000 0.132529
7.540000 0.134061
7.560000 0.135591
7.580000 0.137119
7.600000 0.138643
7.620000 0.140165
7.640000 0.141684
7.660000 0.143200
7.680000 0.144714
7.700000 0.146225
7.720000 0.147732
7.740000 0.149237
7.760000 0.150739
7.780000 0.152238
7.800000 0.153734
7.820000 0.155226
7.840000 0.156716
7.860000 0.158203
7.880000 0.159686
7.900000 0.161167
7.920000 0.162644
7.940000 0.164118
7.960000 0.165588
7.980000 0.167056
8.000000 0.168520
8.020000 0.169981
8.040000 0.171438
8.060000 0.172892
8.080000 0.174343
8.100000 0.175790
8.120000 0.177234
8.140000 0.178674
8.160000 0.180111
8.180000 0.181544
8.200000 0.182973
8.220000 0.184399
8.240000 0.185821
8.260000 0.187240
8.280000 0.188655
8.300000 0.190066
8.320000 0.191473
8.340000 0.192877
8.360000 0.194277
8.380000 0.195673
8.400000 0.197065
8.420000 0.198453
8.440000 0.199837
8.460000 0.201218
8.480000 0.202594
8.500000 0.203966
8.520000 0.205334
8.540000 0.206699
8.560000 0.208059
8.580000 0.209415
8.600000 0.210767
8.620000 0.212114
8.640000 0.213458
8.660000 0.214797
8.680000 0.216132
8.700000 0.217463
8.720000 0.218790
8.740000 0.220112
8.760000 0.221429
8.780000 0.222743
8.800000 0.224052
8.820000 0.225357
8.840000 0.226657
8.860000 0.227952
8.880000 0.229243
8.900000 0.230530
8.920000 0.231812
8.940000 0.233090
8.960000 0.234362
8.980000 0.235631
9.000000 0.236894
9.020000 0.238153
9.040000 0.239407
9.060000 0.240657
9.080000 0.241901
9.100000 0.243141
9.120000 0.244376
9.140000 0.245607
9.160000 0.246832
9.180000 0.248052
9.200000 0.249268
9.220000 0.250479
9.240000 0.251684
9.260000 0.252885
9.280000 0.254081
9.300000 0.255272
9.320000 0.256457
9.340000 0.257638
9.360000 0.258813
9.380000 0.259984
9.400000 0.261149
9.420000 0.262309
9.440000 0.263464
9.460000 0.264614
9.480000 0.265758
9.500000 0.266897
9.520000 0.268031
9.540000 0.269160
9.560000 0.270283
9.580000 0.271401
9.600000 0.272514
9.620000 0.273621
9.640000 0.274723
9.660000 0.275819
9.680000 0.276910
9.700000 0.277996
9.720000 0.279076
9.740000 0.280150
9.760000 0.281219
9.780000 0.282282
9.800000 0.283340
9.820000 0.284392
9.840000 0.285439
9.860000 0.286479
9.880000 0.287515
9.900000 0.288544
9.920000 0.289568
9.940000 0.290586
9.960000 0.291598
9.980000 0.292605
10.000000 0.293606
10.020000 0.294601
10.040000 0.295590
10.060000 0.296573
10.080000 0.297551
10.100000 0.298522
10.120000 0.299488
10.140000 0.300448
10.160000 0.301401
10.180000 0.302349
10.200000 0.303291
10.220000 0.304227
10.240000 0.305157
10.260000 0.306081
10.280000 0.306998
10.300000 0.307910
10.320000 0.308816
10.340000 0.309715
10.360000 0.310608
10.380000 0.311496
10.400000 0.312377
10.420000 0.313252
10.440000 0.314120
10.460000 0.314983
10.480000 0.315839
10.500000 0.316689
10.520000 0.317533
10.540000 0.318370
10.560000 0.319201
10.580000 0.320026
10.600000 0.320845
10.620000 0.321657
10.640000 0.322463
10.660000 0.323262
10.680000 0.324055
10.700000 0.324842
10.720000 0.325622
10.740000 0.326396
10.760000 0.327163
10.780000 0.327924
10.800000 0.328679
10.820000 0.329426
10.840000 0.330168
10.860000 0.330903
10.880000 0.331631
10.900000 0.332353
10.920000 0.333068
10.940000 0.333776
10.960000 0.334478
10.980000 0.335174
11.000000 0.335863
11.020000 0.336545
11.040000 0.337220
11.060000 0.337889
11.080000 0.338551
11.100000 0.339206
11.120000 0.339855
11.140000 0.340497
11.160000 0.341132
11.180000 0.341761
11.200000 0.342382
11.220000 0.342997
11.240000 0.343606
11.260000 0.344207
11.280000 0.344802
11.300000 0.345389
11.320000 0.345970
11.340000 0.346544
11.360000 0.347112
11.380000 0.347672
11.400000 0.348225
11.420000 0.348772
11.440000 0.349312
11.460000 0.349845
11.480000 0.350371
11.500000 0.350890
11.520000 0.351402
11.540000 0.351907
11.560000 0.352405
11.580000 0.352896
11.600000 0.353380
11.620000 0.353857
11.640000 0.354327
11.660000 0.354791
11.680000 0.355247
11.700000 0.355696
11.720000 0.356138
11.740000 0.356573
11.760000 0.357001
11.780000 0.357422
11.800000 0.357836
11.820000 0.358243
11.840000 0.358642
11.860000 0.359035
11.880000 0.359421
11.900000 0.359799
11.920000 0.360170
11.940000 0.360535
11.960000 0.360892
11.980000 0.361242
12.000000 0.361584
12.020000 0.361920
12.040000 0.362249
12.060000 0.362570
12.080000 0.362884
12.100000 0.363191
12.120000 0.363491
12.140000 0.363783
12.160000 0.364069
12.180000 0.364347
12.200000 0.364618
12.220000 0.364882
12.240000 0.365138
12.260000 0.365388
12.280000 0.365630
12.300000 0.365865
12.320000 0.366092
12.340000 0.366313
12.360000 0.366526
12.380000 0.366732
12.400000 0.366931
12.420000 0.367122
12.440000 0.367306
12.460000 0.367483
12.480000 0.367653
12.500000 0.367815
12.520000 0.367970
12.540000 0.368118
12.560000 0.368259
12.580000 0.368392
12.600000 0.368518
12.620000 0.368637
12.640000 0.368748
12.660000 0.368852
12.680000 0.368949
12.700000 0.369038
12.720000 0.369121
12.740000 0.369196
12.760000 0.369263
12.780000 0.369324
12.800000 0.369377
12.820000 0.369422
12.840000 0.369461
12.860000 0.369492
12.880000 0.369516
12.900000 0.369532
12.920000 0.369541
12.940000 0.369543
12.960000 0.369538
12.980000 0.369525
13.000000 0.369505
13.020000 0.369478
13.040000 0.369443
13.060000 0.369401
13.080000 0.369352
13.100000 0.369295
13.120000 0.369231
13.140000 0.369160
13.160000 0.369082
13.180000 0.368996
13.200000 0.368903
13.220000 0.368802
13.240000 0.368695
13.260000 0.368580
13.280000 0.368458
13.300000 0.368328
13.320000 0.368191
13.340000 0.368047
13.360000 0.367896
13.380000 0.367737
13.400000 0.367571
13.420000 0.367398
13.440000 0.367218
13.460000 0.367030
13.480000 0.366835
13.500000 0.366633
13.520000 0.366423
13.540000 0.366207
13.560000 0.365983
13.580000 0.365751
13.600000 0.365513
13.620000 0.365267
13.640000 0.365015
13.660000 0.364754
13.680000 0.364487
13.700000 0.364213
13.720000 0.363931
13.740000 0.363642
13.760000 0.363346
13.780000 0.363043
13.800000 0.362732
13.820000 0.362415
13.840000 0.362090
13.860000 0.361758
13.880000 0.361419
13.900000 0.361072
13.920000 0.360719
13.940000 0.360358
13.960000 0.359991
13.980000 0.359616
14.000000 0.359234
14.020000 0.358845
14.040000 0.358449
14.060000 0.358046
14.080000 0.357636
14.100000 0.357218
14.120000 0.356794
14.140000 0.356362
14.160000 0.355924
14.180000 0.355478
14.200000 0.355026
14.220000 0.354566
14.240000 0.354100
14.260000 0.353626
14.280000 0.353146
14.300000 0.352658
14.320000 0.352163
14.340000 0.351662
14.360000 0.351154
14.380000 0.350638
14.400000 0.350116
14.420000 0.349587
14.440000 0.349050
14.460000 0.348507
14.480000 0.347957
14.500000 0.347400
14.520000 0.346837
14.540000 0.346266
14.560000 0.345689
14.580000 0.345104
14.600000 0.344513
14.620000 0.343916
14.640000 0.343311
14.660000 0.342699
14.680000 0.342081
14.700000 0.341456
14.720000 0.340824
14.740000 0.340186
14.760000 0.339541
14.780000 0.338889
14.800000 0.338230
14.820000 0.337565
14.840000 0.336893
14.860000 0.336214
14.880000 0.335529
14.900000 0.334837
14.920000 0.334138
14.940000 0.333433
14.960000 0.332721
14.980000 0.332003
15.000000 0.331278
15.020000 0.330546
15.040000 0.329808
15.060000 0.329064
15.080000 0.328313
15.100000 0.327555
15.120000 0.326791
15.140000 0.326021
15.160000 0.325244
15.180000 0.324460
15.200000 0.323671
15.220000 0.322874
15.240000 0.322072
15.260000 0.321263
15.280000 0.320448
15.300000 0.319626
15.320000 0.318798
15.340000 0.317964
15.360000 0.317123
15.380000 0.316277
15.400000 0.315424
15.420000 0.314564
15.440000 0.313699
15.460000 0.312827
15.480000 0.311949
15.500000 0.311065
15.520000 0.310175
15.540000 0.309279
15.560000 0.308376
15.580000 0.307468
15.600000 0.306553
15.620000 0.305632
15.640000 0.304705
15.660000 0.303773
15.680000 0.302834
15.700000 0.301889
15.720000 0.300938
15.740000 0.299982
15.760000 0.299019
15.780000 0.298051
15.800000 0.297076
15.820000 0.296096
15.840000 0.295110
15.860000 0.294118
15.880000 0.293120
15.900000 0.292116
15.920000 0.291107
15.940000 0.290092
15.960000 0.289071
15.980000 0.288044
16.000000 0.287012
16.020000 0.285974
16.040000 0.284931
16.060000 0.283881
16.080000 0.282826
16.100000 0.281766
16.120000 0.280700
16.140000 0.279628
16.160000 0.278551
16.180000 0.277469
16.200000 0.276381
16.220000 0.275287
16.240000 0.274188
16.260000 0.273084
16.280000 0.271974
16.300000 0.270859
16.320000 0.269738
16.340000 0.268612
16.360000 0.267481
16.380000 0.266344
16.400000 0.265203
16.420000 0.264056
16.440000 0.262903
16.460000 0.261746
16.480000 0.260583
16.500000 0.259416
16.520000 0.258243
16.540000 0.257065
16.560000 0.255882
16.580000 0.254694
16.600000 0.253500
16.620000 0.252302
16.640000 0.251099
16.660000 0.249891
16.680000 0.248678
16.700000 0.247460
16.720000 0.246237
16.740000 0.245009
16.760000 0.243777
16.780000 0.242539
16.800000 0.241297
16.820000 0.240050
16.840000 0.238798
16.860000 0.237542
16.880000 0.236281
16.900000 0.235015
16.920000 0.233744
16.940000 0.232469
16.960000 0.231189
16.980000 0.229905
17.000000 0.228616
17.020000 0.227323
17.040000 0.226025
17.060000 0.224723
17.080000 0.223416
17.100000 0.222105
17.120000 0.220789
17.140000 0.219470
17.160000 0.218145
17.180000 0.216817
17.200000 0.215484
17.220000 0.214147
17.240000 0.212805
17.260000 0.211460
17.280000 0.210110
17.300000 0.208756
17.320000 0.207398
17.340000 0.206036
17.360000 0.204670
17.380000 0.203300
17.400000 0.201925
17.420000 0.200547
17.440000 0.199165
17.460000 0.197779
17.480000 0.196389
17.500000 0.194995
17.520000 0.193597
17.540000 0.192195
17.560000 0.190790
17.580000 0.189381
17.600000 0.187968
17.620000 0.186551
17.640000 0.185131
17.660000 0.183706
17.680000 0.182279
17.700000 0.180848
17.720000 0.179413
17.740000 0.177974
17.760000 0.176532
17.780000 0.175087
17.800000 0.173638
17.820000 0.172186
17.840000 0.170730
17.860000 0.169271
17.880000 0.167809
17.900000 0.166343
17.920000 0.164874
17.940000 0.163402
17.960000 0.161926
17.980000 0.160447
18.000000 0.158966
18.020000 0.157480
18.040000 0.155992
18.060000 0.154501
18.080000 0.153007
18.100000 0.151509
18.120000 0.150009
18.140000 0.148506
18.160000 0.147000
18.180000 0.145491
18.200000 0.143979
18.220000 0.142464
18.240000 0.140946
18.260000 0.139426
18.280000 0.137902
18.300000 0.136376
18.320000 0.134848
18.340000 0.133317
18.360000 0.131783
18.380000 0.130246
18.400000 0.128707
18.420000 0.127165
18.440000 0.125621
18.460000 0.124074
18.480000 0.122525
18.500000 0.120974
18.520000 0.119420
18.540000 0.117864
18.560000 0.116305
18.580000 0.114744
18.600000 0.113181
18.620000 0.111615
18.640000 0.110048
18.660000 0.108478
18.680000 0.106906
18.700000 0.105332
18.720000 0.103756
18.740000 0.102178
18.760000 0.100597
18.780000 0.099015
18.800000 0.097431
18.820000 0.095845
18.840000 0.094257
18.860000 0.092667
18.880000 0.091075
18.900000 0.089482
18.920000 0.087887
18.940000 0.086290
18.960000 0.084691
18.980000 0.083091
19.000000 0.081489
19.020000 0.079885
19.040000 0.078280
19.060000 0.076673
19.080000 0.075065
19.100000 0.073455
19.120000 0.071844
19.140000 0.070231
19.160000 0.068617
19.180000 0.067002
19.200000 0.065385
19.220000 0.063767
19.240000 0.062148
19.260000 0.060527
19.280000 0.058906
19.300000 0.057283
19.320000 0.055659
19.340000 0.054034
19.360000 0.052408
19.380000 0.050780
19.400000 0.049152
19.420000 0.047523
19.440000 0.045893
19.460000 0.044262
19.480000 0.042630
19.500000 0.040997
19.520000 0.039364
19.540000 0.037729
19.560000 0.036094
19.580000 0.034459
19.600000 0.032822
19.620000 0.031185
19.640000 0.029547
19.660000 0.027909
19.680000 0.026270
19.700000 0.024631
19.720000 0.022991
19.740000 0.021351
19.760000 0.019710
19.780000 0.018069
19.800000 0.016427
19.820000 0.014785
19.840000 0.013143
19.860000 0.011501
19.880000 0.009858
19.900000 0.008216
19.920000 0.006573
19.940000 0.004930
19.960000 0.003286
19.980000 0.001643
20.000000 -0.000000


