0.348206

0.000000 0.000000
0.006000 0.006000
0.012000 0.012000
0.018000 0.018002
0.024000 0.024004
0.030000 0.030009
0.036000 0.036015
0.042000 0.042024
0.048000 0.048035
0.054000 0.054050
0.060000 0.060069
0.066000 0.066092
0.072000 0.072119
0.078000 0.078151
0.084000 0.084188
0.090000 0.090231
0.096000 0.096280
0.102000 0.102334
0.108000 0.108396
0.114000 0.114464
0.120000 0.120540
0.126000 0.126623
0.132000 0.132714
0.138000 0.138814
0.144000 0.144922
0.150000 0.151038
0.156000 0.157164
0.162000 0.163300
0.168000 0.169445
0.174000 0.175600
0.180000 0.181765
0.186000 0.187942
0.192000 0.194128
0.198000 0.200326
0.204000 0.206536
0.210000 0.212757
0.216000 0.218990
0.222000 0.225235
0.228000 0.231492
0.234000 0.237762
0.240000 0.244045
0.246000 0.250340
0.252000 0.256649
0.258000 0.262972
0.264000 0.269307
0.270000 0.275657
0.276000 0.282021
0.282000 0.288399
0.288000 0.294791
0.294000 0.301198
0.300000 0.307619
0.306000 0.314055
0.312000 0.320506
0.318000 0.326972
0.324000 0.333454
0.330000 0.339951
0.336000 0.346463
0.342000 0.352991
0.348000 0.359534
0.354000 0.366094
0.360000 0.372669
0.366000 0.379260
0.372000 0.385867
0.378000 0.392490
0.384000 0.399130
0.390000 0.405786
0.396000 0.412458
0.402000 0.419146
0.408000 0.425851
0.414000 0.432572
0.420000 0.439309
0.426000 0.446063
0.432000 0.452833
0.438000 0.459620
0.444000 0.466423
0.450000 0.473242
0.456000 0.480078
0.462000 0.486930
0.468000 0.493798
0.474000 0.500682
0.480000 0.507583
0.486000 0.514500
0.492000 0.521432
0.498000 0.528381
0.504000 0.535345
0.510000 0.542325
0.516000 0.549321
0.522000 0.556332
0.528000 0.563359
0.534000 0.570400
0.540000 0.577457
0.546000 0.584529
0.552000 0.591615
0.558000 0.598716
0.564000 0.605831
0.570000 0.612961
0.576000 0.620104
0.582000 0.627262
0.588000 0.634433
0.594000 0.641617
0.600000 0.648814
0.606000 0.656024
0.612000 0.663247
0.618000 0.670482
0.624000 0.677729
0.630000 0.684987
0.636000 0.692257
0.642000 0.699539
0.648000 0.706831
0.654000 0.714133
0.660000 0.721446
0.666000 0.728768
0.672000 0.736100
0.678000 0.743441
0.684000 0.750791
0.690000 0.758148
0.696000 0.765514
0.702000 0.772887
0.708000 0.780267
0.714000 0.787654
0.720000 0.795047
0.726000 0.802446
0.732000 0.809850
0.738000 0.817258
0.744000 0.824671
0.750000 0.832088
0.756000 0.839508
0.762000 0.846930
0.768000 0.854355
0.774000 0.861782
0.780000 0.869209
0.786000 0.876637
0.792000 0.884065
0.798000 0.891492
0.804000 0.898918
0.810000 0.906342
0.816000 0.913764
0.822000 0.921182
0.828000 0.928597
0.834000 0.936007
0.840000 0.943412
0.846000 0.950811
0.852000 0.958204
0.858000 0.965590
0.864000 0.972967
0.870000 0.980336
0.876000 0.987695
0.882000 0.995045
0.888000 1.002383
0.894000 1.009710
0.900000 1.017024
0.906000 1.024324
0.912000 1.031611
0.918000 1.038882
0.924000 1.046138
0.930000 1.053377
0.936000 1.060599
0.942000 1.067802
0.948000 1.074986
0.954000 1.082149
0.960000 1.089292
0.966000 1.096412
0.972000 1.103510
0.978000 1.110584
0.984000 1.117632
0.990000 1.124655
0.996000 1.131651
1.002000 1.138620
1.008000 1.145559
1.014000 1.152469
1.020000 1.159347
1.026000 1.166194
1.032000 1.173008
1.038000 1.179788
1.044000 1.186533
1.050000 1.193241
1.056000 1.199912
1.062000 1.206545
1.068000 1.213139
1.074000 1.219691
1.080000 1.226202
1.086000 1.232670
1.092000 1.239094
1.098000 1.245473
1.104000 1.251805
1.110000 1.258090
1.116000 1.264326
1.122000 1.270512
1.128000 1.276646
1.134000 1.282728
1.140000 1.288757
1.146000 1.294730
1.152000 1.300647
1.158000 1.306506
1.164000 1.312307
1.170000 1.318048
1.176000 1.323727
1.182000 1.329344
1.188000 1.334897
1.194000 1.340384
1.200000 1.345805
1.206000 1.351158
1.212000 1.356441
1.218000 1.361654
1.224000 1.366795
1.230000 1.371862
1.236000 1.376855
1.242000 1.381771
1.248000 1.386610
1.254000 1.391371
1.260000 1.396050
1.266000 1.400649
1.272000 1.405164
1.278000 1.409594
1.284000 1.413939
1.290000 1.418196
1.296000 1.422364
1.302000 1.426442
1.308000 1.430429
1.314000 1.434323
1.320000 1.438122
1.326000 1.441825
1.332000 1.445430
1.338000 1.448937
1.344000 1.452344
1.350000 1.455648
1.356000 1.458850
1.362000 1.461947
1.368000 1.464938
1.374000 1.467821
1.380000 1.470595
1.386000 1.473259
1.392000 1.475811
1.398000 1.478249
1.404000 1.480573
1.410000 1.482781
1.416000 1.484871
1.422000 1.486841
1.428000 1.488692
1.434000 1.490420
1.440000 1.492025
1.446000 1.493505
1.452000 1.494858
1.458000 1.496084
1.464000 1.497181
1.470000 1.498148
1.476000 1.498983
1.482000 1.499684
1.488000 1.500251
1.494000 1.500682
1.500000 1.500975
1.506000 1.501130
1.512000 1.501145
1.518000 1.501018
1.524000 1.500749
1.530000 1.500335
1.536000 1.499776
1.542000 1.499071
1.548000 1.498218
1.554000 1.497216
1.560000 1.496063
1.566000 1.494759
1.572000 1.493302
1.578000 1.491691
1.584000 1.489925
1.590000 1.488002
1.596000 1.485922
1.602000 1.483683
1.608000 1.481285
1.614000 1.478725
1.620000 1.476004
1.626000 1.473120
1.632000 1.470071
1.638000 1.466858
1.644000 1.463478
1.650000 1.459932
1.656000 1.456217
1.662000 1.452334
1.668000 1.448280
1.674000 1.444057
1.680000 1.439661
1.686000 1.435093
1.692000 1.430353
1.698000 1.425438
1.704000 1.420348
1.710000 1.415083
1.716000 1.409642
1.722000 1.404025
1.728000 1.398230
1.734000 1.392257
1.740000 1.386105
1.746000 1.379774
1.752000 1.373264
1.758000 1.366574
1.764000 1.359703
1.770000 1.352652
1.776000 1.345419
1.782000 1.338005
1.788000 1.330409
1.794000 1.322630
1.800000 1.314670
1.806000 1.306526
1.812000 1.298201
1.818000 1.289692
1.824000 1.281001
1.830000 1.272127
1.836000 1.263070
1.842000 1.253830
1.848000 1.244407
1.854000 1.234802
1.860000 1.225015
1.866000 1.215046
1.872000 1.204894
1.878000 1.194562
1.884000 1.184048
1.890000 1.173353
1.896000 1.162478
1.902000 1.151423
1.908000 1.140190
1.914000 1.128777
1.920000 1.117187
1.926000 1.105419
1.932000 1.093475
1.938000 1.081355
1.944000 1.069061
1.950000 1.056592
1.956000 1.043950
1.962000 1.031137
1.968000 1.018152
1.974000 1.004998
1.980000 0.991675
1.986000 0.978184
1.992000 0.964528
1.998000 0.950706
2.004000 0.936721
2.010000 0.922574
2.016000 0.908267
2.022000 0.893800
2.028000 0.879177
2.034000 0.864397
2.040000 0.849463
2.046000 0.834378
2.052000 0.819141
2.058000 0.803757
2.064000 0.788225
2.070000 0.772550
2.076000 0.756731
2.082000 0.740772
2.088000 0.724676
2.094000 0.708443
2.100000 0.692076
2.106000 0.675578
2.112000 0.658951
2.118000 0.642198
2.124000 0.625321
2.130000 0.608322
2.136000 0.591205
2.142000 0.573972
2.148000 0.556626
2.154000 0.539169
2.160000 0.521604
2.166000 0.503936
2.172000 0.486165
2.178000 0.468296
2.184000 0.450332
2.190000 0.432275
2.196000 0.414130
2.202000 0.395898
2.208000 0.377585
2.214000 0.359192
2.220000 0.340724
2.226000 0.322183
2.232000 0.303575
2.238000 0.284901
2.244000 0.266166
2.250000 0.247374
2.256000 0.228528
2.262000 0.209633
2.268000 0.190691
2.274000 0.171708
2.280000 0.152686
2.286000 0.133630
2.292000 0.114545
2.298000 0.095434
2.304000 0.076301
2.310000 0.057151
2.316000 0.037988
2.322000 0.018816
2.328000 -0.000360
2.334000 -0.019536
2.340000 -0.038707
2.346000 -0.057870
2.352000 -0.077018
2.358000 -0.096149
2.364000 -0.115257
2.370000 -0.134337
2.376000 -0.153385
2.382000 -0.172397
2.388000 -0.191366
2.394000 -0.210289
2.400000 -0.229161
2.406000 -0.247977
2.412000 -0.266731
2.418000 -0.285420
2.424000 -0.304037
2.430000 -0.322579
2.436000 -0.341039
2.442000 -0.359414
2.448000 -0.377697
2.454000 -0.395885
2.460000 -0.413971
2.466000 -0.431951
2.472000 -0.449819
2.478000 -0.467571
2.484000 -0.485201
2.490000 -0.502704
2.496000 -0.520075
2.502000 -0.537309
2.508000 -0.554401
2.514000 -0.571344
2.520000 -0.588135
2.526000 -0.604768
2.532000 -0.621238
2.538000 -0.637539
2.544000 -0.653667
2.550000 -0.669616
2.556000 -0.685382
2.562000 -0.700958
2.568000 -0.716340
2.574000 -0.731523
2.580000 -0.746501
2.586000 -0.761270
2.592000 -0.775824
2.598000 -0.790158
2.604000 -0.804268
2.610000 -0.818149
2.616000 -0.831795
2.622000 -0.845201
2.628000 -0.858363
2.634000 -0.871276
2.640000 -0.883934
2.646000 -0.896334
2.652000 -0.908471
2.658000 -0.920339
2.664000 -0.931934
2.670000 -0.943252
2.676000 -0.954287
2.682000 -0.965037
2.688000 -0.975495
2.694000 -0.985658
2.700000 -0.995522
2.706000 -1.005081
2.712000 -1.014333
2.718000 -1.023273
2.724000 -1.031896
2.730000 -1.040200
2.736000 -1.048180
2.742000 -1.055832
2.748000 -1.063152
2.754000 -1.070137
2.760000 -1.076784
2.766000 -1.083089
2.772000 -1.089048
2.778000 -1.094659
2.784000 -1.099917
2.790000 -1.104821
2.796000 -1.109367
2.802000 -1.113551
2.808000 -1.117372
2.814000 -1.120827
2.820000 -1.123913
2.826000 -1.126627
2.832000 -1.128968
2.838000 -1.130933
2.844000 -1.132520
2.850000 -1.133727
2.856000 -1.134552
2.862000 -1.134993
2.868000 -1.135050
2.874000 -1.134719
2.880000 -1.134000
2.886000 -1.132893
2.892000 -1.131394
2.898000 -1.129505
2.904000 -1.127223
2.910000 -1.124548
2.916000 -1.121480
2.922000 -1.118018
2.928000 -1.114162
2.934000 -1.109912
2.940000 -1.105268
2.946000 -1.100230
2.952000 -1.094799
2.958000 -1.088974
2.964000 -1.082758
2.970000 -1.076149
2.976000 -1.069150
2.982000 -1.061761
2.988000 -1.053985
2.994000 -1.045821
3.000000 -1.037272
3.006000 -1.028340
3.012000 -1.019027
3.018000 -1.009334
3.024000 -0.999264
3.030000 -0.988819
3.036000 -0.978002
3.042000 -0.966816
3.048000 -0.955263
3.054000 -0.943347
3.060000 -0.931071
3.066000 -0.918438
3.072000 -0.905452
3.078000 -0.892117
3.084000 -0.878436
3.090000 -0.864415
3.096000 -0.850056
3.102000 -0.835365
3.108000 -0.820346
3.114000 -0.805003
3.120000 -0.789343
3.126000 -0.773369
3.132000 -0.757087
3.138000 -0.740503
3.144000 -0.723623
3.150000 -0.706451
3.156000 -0.688994
3.162000 -0.671258
3.168000 -0.653250
3.174000 -0.634975
3.180000 -0.616440
3.186000 -0.597653
3.192000 -0.578619
3.198000 -0.559346
3.204000 -0.539841
3.210000 -0.520112
3.216000 -0.500165
3.222000 -0.480009
3.228000 -0.459651
3.234000 -0.439100
3.240000 -0.418362
3.246000 -0.397448
3.252000 -0.376363
3.258000 -0.355119
3.264000 -0.333721
3.270000 -0.312181
3.276000 -0.290505
3.282000 -0.268704
3.288000 -0.246786
3.294000 -0.224761
3.300000 -0.202637
3.306000 -0.180425
3.312000 -0.158133
3.318000 -0.135771
3.324000 -0.113350
3.330000 -0.090877
3.336000 -0.068365
3.342000 -0.045822
3.348000 -0.023258
3.354000 -0.000683
3.360000 0.021891
3.366000 0.044456
3.372000 0.067000
3.378000 0.089514
3.384000 0.111987
3.390000 0.134409
3.396000 0.156768
3.402000 0.179056
3.408000 0.201260
3.414000 0.223371
3.420000 0.245378
3.426000 0.267270
3.432000 0.289037
3.438000 0.310667
3.444000 0.332152
3.450000 0.353479
3.456000 0.374638
3.462000 0.395618
3.468000 0.416410
3.474000 0.437002
3.480000 0.457385
3.486000 0.477546
3.492000 0.497477
3.498000 0.517166
3.504000 0.536604
3.510000 0.555779
3.516000 0.574683
3.522000 0.593304
3.528000 0.611633
3.534000 0.629660
3.540000 0.647375
3.546000 0.664769
3.552000 0.681830
3.558000 0.698551
3.564000 0.714922
3.570000 0.730932
3.576000 0.746574
3.582000 0.761839
3.588000 0.776716
3.594000 0.791198
3.600000 0.805276
3.606000 0.818942
3.612000 0.832187
3.618000 0.845004
3.624000 0.857384
3.630000 0.869319
3.636000 0.880803
3.642000 0.891828
3.648000 0.902387
3.654000 0.912472
3.660000 0.922078
3.666000 0.931197
3.672000 0.939824
3.678000 0.947952
3.684000 0.955577
3.690000 0.962691
3.696000 0.969290
3.702000 0.975370
3.708000 0.980924
3.714000 0.985949
3.720000 0.990440
3.726000 0.994394
3.732000 0.997807
3.738000 1.000675
3.744000 1.002995
3.750000 1.004764
3.756000 1.005981
3.762000 1.006642
3.768000 1.006745
3.774000 1.006290
3.780000 1.005275
3.786000 1.003698
3.792000 1.001559
3.798000 0.998857
3.804000 0.995594
3.810000 0.991768
3.816000 0.987380
3.822000 0.982432
3.828000 0.976925
3.834000 0.970860
3.840000 0.964239
3.846000 0.957064
3.852000 0.949338
3.858000 0.941064
3.864000 0.932246
3.870000 0.922886
3.876000 0.912989
3.882000 0.902559
3.888000 0.891601
3.894000 0.880120
3.900000 0.868121
3.906000 0.855609
3.912000 0.842591
3.918000 0.829073
3.924000 0.815063
3.930000 0.800565
3.936000 0.785589
3.942000 0.770142
3.948000 0.754232
3.954000 0.737867
3.960000 0.721055
3.966000 0.703807
3.972000 0.686131
3.978000 0.668036
3.984000 0.649534
3.990000 0.630633
3.996000 0.611345
4.002000 0.591680
4.008000 0.571650
4.014000 0.551266
4.020000 0.530540
4.026000 0.509483
4.032000 0.488108
4.038000 0.466428
4.044000 0.444455
4.050000 0.422203
4.056000 0.399684
4.062000 0.376913
4.068000 0.353902
4.074000 0.330666
4.080000 0.307220
4.086000 0.283578
4.092000 0.259753
4.098000 0.235762
4.104000 0.211619
4.110000 0.187339
4.116000 0.162938
4.122000 0.138432
4.128000 0.113835
4.134000 0.089164
4.140000 0.064435
4.146000 0.039663
4.152000 0.014866
4.158000 -0.009942
4.164000 -0.034743
4.170000 -0.059520
4.176000 -0.084259
4.182000 -0.108941
4.188000 -0.133550
4.194000 -0.158070
4.200000 -0.182484
4.206000 -0.206776
4.212000 -0.230928
4.218000 -0.254923
4.224000 -0.278746
4.230000 -0.302380
4.236000 -0.325807
4.242000 -0.349012
4.248000 -0.371979
4.254000 -0.394690
4.260000 -0.417129
4.266000 -0.439281
4.272000 -0.461129
4.278000 -0.482657
4.284000 -0.503850
4.290000 -0.524692
4.296000 -0.545168
4.302000 -0.565262
4.308000 -0.584959
4.314000 -0.604245
4.320000 -0.623105
4.326000 -0.641525
4.332000 -0.659490
4.338000 -0.676986
4.344000 -0.694000
4.350000 -0.710519
4.356000 -0.726530
4.362000 -0.742019
4.368000 -0.756975
4.374000 -0.771385
4.380000 -0.785238
4.386000 -0.798522
4.392000 -0.811226
4.398000 -0.823340
4.404000 -0.834853
4.410000 -0.845756
4.416000 -0.856038
4.422000 -0.865692
4.428000 -0.874708
4.434000 -0.883078
4.440000 -0.890795
4.446000 -0.897851
4.452000 -0.904239
4.458000 -0.909953
4.464000 -0.914987
4.470000 -0.919336
4.476000 -0.922995
4.482000 -0.925959
4.488000 -0.928224
4.494000 -0.929788
4.500000 -0.930648
4.506000 -0.930800
4.512000 -0.930243
4.518000 -0.928977
4.524000 -0.927000
4.530000 -0.924312
4.536000 -0.920914
4.542000 -0.916806
4.548000 -0.911990
4.554000 -0.906469
4.560000 -0.900244
4.566000 -0.893319
4.572000 -0.885698
4.578000 -0.877385
4.584000 -0.868385
4.590000 -0.858704
4.596000 -0.848347
4.602000 -0.837321
4.608000 -0.825634
4.614000 -0.813293
4.620000 -0.800305
4.626000 -0.786682
4.632000 -0.772430
4.638000 -0.757562
4.644000 -0.742086
4.650000 -0.726014
4.656000 -0.709359
4.662000 -0.692130
4.668000 -0.674343
4.674000 -0.656009
4.680000 -0.637142
4.686000 -0.617756
4.692000 -0.597867
4.698000 -0.577488
4.704000 -0.556637
4.710000 -0.535328
4.716000 -0.513578
4.722000 -0.491405
4.728000 -0.468825
4.734000 -0.445857
4.740000 -0.422518
4.746000 -0.398828
4.752000 -0.374805
4.758000 -0.350469
4.764000 -0.325838
4.770000 -0.300934
4.776000 -0.275777
4.782000 -0.250387
4.788000 -0.224786
4.794000 -0.198994
4.800000 -0.173033
4.806000 -0.146924
4.812000 -0.120691
4.818000 -0.094354
4.824000 -0.067936
4.830000 -0.041460
4.836000 -0.014949
4.842000 0.011576
4.848000 0.038090
4.854000 0.064572
4.860000 0.090997
4.866000 0.117343
4.872000 0.143587
4.878000 0.169706
4.884000 0.195676
4.890000 0.221474
4.896000 0.247077
4.902000 0.272463
4.908000 0.297608
4.914000 0.322489
4.920000 0.347084
4.926000 0.371371
4.932000 0.395327
4.938000 0.418930
4.944000 0.442158
4.950000 0.464989
4.956000 0.487403
4.962000 0.509377
4.968000 0.530892
4.974000 0.551927
4.980000 0.572462
4.986000 0.592476
4.992000 0.611952
4.998000 0.630869
5.004000 0.649210
5.010000 0.666955
5.016000 0.684089
5.022000 0.700593
5.028000 0.716452
5.034000 0.731649
5.040000 0.746168
5.046000 0.759995
5.052000 0.773116
5.058000 0.785517
5.064000 0.797184
5.070000 0.808105
5.076000 0.818269
5.082000 0.827665
5.088000 0.836281
5.094000 0.844108
5.100000 0.851138
5.106000 0.857361
5.112000 0.862771
5.118000 0.867359
5.124000 0.871122
5.130000 0.874052
5.136000 0.876145
5.142000 0.877399
5.148000 0.877809
5.154000 0.877374
5.160000 0.876092
5.166000 0.873963
5.172000 0.870987
5.178000 0.867165
5.184000 0.862500
5.190000 0.856994
5.196000 0.850651
5.202000 0.843475
5.208000 0.835472
5.214000 0.826647
5.220000 0.817009
5.226000 0.806564
5.232000 0.795321
5.238000 0.783290
5.244000 0.770482
5.250000 0.756907
5.256000 0.742578
5.262000 0.727506
5.268000 0.711707
5.274000 0.695193
5.280000 0.677981
5.286000 0.660087
5.292000 0.641526
5.298000 0.622317
5.304000 0.602477
5.310000 0.582025
5.316000 0.560982
5.322000 0.539367
5.328000 0.517201
5.334000 0.494506
5.340000 0.471304
5.346000 0.447618
5.352000 0.423471
5.358000 0.398887
5.364000 0.373891
5.370000 0.348508
5.376000 0.322763
5.382000 0.296683
5.388000 0.270294
5.394000 0.243622
5.400000 0.216696
5.406000 0.189543
5.412000 0.162191
5.418000 0.134668
5.424000 0.107004
5.430000 0.079226
5.436000 0.051365
5.442000 0.023449
5.448000 -0.004492
5.454000 -0.032428
5.460000 -0.060329
5.466000 -0.088166
5.472000 -0.115908
5.478000 -0.143527
5.484000 -0.170991
5.490000 -0.198270
5.496000 -0.225336
5.502000 -0.252159
5.508000 -0.278708
5.514000 -0.304955
5.520000 -0.330870
5.526000 -0.356425
5.532000 -0.381591
5.538000 -0.406339
5.544000 -0.430643
5.550000 -0.454473
5.556000 -0.477804
5.562000 -0.500609
5.568000 -0.522860
5.574000 -0.544534
5.580000 -0.565604
5.586000 -0.586046
5.592000 -0.605836
5.598000 -0.624951
5.604000 -0.643368
5.610000 -0.661065
5.616000 -0.678022
5.622000 -0.694217
5.628000 -0.709631
5.634000 -0.724245
5.640000 -0.738041
5.646000 -0.751002
5.652000 -0.763111
5.658000 -0.774354
5.664000 -0.784716
5.670000 -0.794183
5.676000 -0.802744
5.682000 -0.810385
5.688000 -0.817098
5.694000 -0.822872
5.700000 -0.827699
5.706000 -0.831572
5.712000 -0.834485
5.718000 -0.836432
5.724000 -0.837409
5.730000 -0.837414
5.736000 -0.836444
5.742000 -0.834500
5.748000 -0.831580
5.754000 -0.827688
5.760000 -0.822825
5.766000 -0.816996
5.772000 -0.810206
5.778000 -0.802461
5.784000 -0.793768
5.790000 -0.784136
5.796000 -0.773575
5.802000 -0.762095
5.808000 -0.749709
5.814000 -0.736429
5.820000 -0.722270
5.826000 -0.707247
5.832000 -0.691376
5.838000 -0.674675
5.844000 -0.657163
5.850000 -0.638860
5.856000 -0.619785
5.862000 -0.599960
5.868000 -0.579409
5.874000 -0.558155
5.880000 -0.536222
5.886000 -0.513636
5.892000 -0.490423
5.898000 -0.466611
5.904000 -0.442227
5.910000 -0.417300
5.916000 -0.391861
5.922000 -0.365939
5.928000 -0.339566
5.934000 -0.312774
5.940000 -0.285594
5.946000 -0.258060
5.952000 -0.230205
5.958000 -0.202064
5.964000 -0.173671
5.970000 -0.145061
5.976000 -0.116270
5.982000 -0.087332
5.988000 -0.058286
5.994000 -0.029165
6.000000 -0.000009


